0
0
0
0
12
9
20
4
0
0
12
8
0
0
0
0
12
7
0
0
0
0
12
7
0
0
0
0
11
7
0
0
0
0
12
7
0
0
0
0
12
7
0
0
0
0
12
7
0
0
0
0
11
7
0
0
0
0
12
6
0
0
0
0
12
7
0
0
0
0
11
6
0
0
0
0
11
8
0
0
0
0
11
6
0
0
0
0
12
7
0
0
0
0
11
7
0
0
0
0
12
7
0
0
0
0
12
6
0
0
0
0
12
7
0
0
0
0
11
7
0
0
0
0
11
6
0
0
0
0
12
8
0
0
0
0
12
6
0
0
0
0
11
8
0
0
0
0
11
8
0
0
0
0
11
8
0
0
0
0
12
7
0
0
0
0
11
6
0
0
0
0
11
7
0
0
0
0
11
6
0
0
0
0
12
7
0
0
0
0
11
7
0
0
0
0
11
6
0
0
0
0
12
7
0
0
0
0
11
7
0
0
0
0
12
7
0
0
0
0
11
8
0
0
1
0
12
8
1
0
1
0
11
7
0
0
0
0
11
7
0
0
1
0
11
8
0
0
0
0
11
7
0
0
0
0
12
9
16
0
0
0
11
8
0
0
0
1
11
7
0
0
0
0
12
7
1
1
0
0
12
8
0
0
1
0
11
8
