6
7
7
7
7
20
18
8
10
11
8
8
7
8
8
7
8
8
8
8
7
8
8
8
8
8
8
8
9
7
8
9
9
7
8
14
13
10
7
7
7
7
7
7
7
7
7
8
7
7
7
7
7
7
9
8
8
8
8
8
7
7
6
6
7
7
7
8
7
7
7
7
7
7
7
7
8
8
8
7
8
7
6
6
6
7
6
7
7
8
7
7
7
7
7
7
6
6
7
7
7
8
7
7
7
7
7
7
7
7
6
6
7
7
7
7
7
7
7
7
7
8
7
7
6
5
5
5
5
6
5
5
5
5
7
7
6
7
7
7
7
7
7
7
7
7
7
6
6
7
7
7
6
6
6
6
6
6
6
6
6
6
6
6
6
6
7
6
5
5
6
6
6
9
28
28
28
21
6
6
6
5
6
5
6
6
6
6
6
6
6
7
6
6
6
6
6
5
6
6
6
5
6
6
5
6
6
13
13
8
7
8
8
7
7
7
7
8
8
7
7
7
7
8
7
6
7
7
8
7
7
7
8
7
7
7
7
7
7
7
7
8
7
8
8
8
8
8
8
7
7
7
7
7
7
7
8
21
10
12
12
9
8
9
8
8
9
8
9
7
7
8
8
7
7
7
7
6
7
7
8
6
6
7
9
8
9
8
