1
2
2
2
2
1
1
1
1
1
0
1
0
0
1
1
0
1
1
0
1
1
0
0
1
0
0
1
1
0
1
1
1
1
1
3
12
12
12
12
11
12
6
0
0
1
0
0
1
0
0
1
0
0
1
1
0
0
1
0
1
0
1
0
0
1
1
0
1
1
0
0
1
0
0
1
0
0
1
0
0
0
1
0
0
0
11
12
12
12
12
12
10
0
0
1
0
0
0
0
0
0
1
0
0
0
0
0
0
1
12
12
12
12
12
12
6
1
0
0
1
0
0
0
0
0
1
0
0
0
0
0
0
0
4
12
12
13
3
0
0
0
1
0
0
0
0
0
0
0
1
0
1
0
0
0
1
0
0
1
0
0
1
0
0
0
0
1
0
0
0
1
0
0
1
0
0
0
1
10
12
13
12
12
12
6
1
0
0
0
0
0
0
0
0
1
1
0
1
0
0
0
1
0
0
1
1
0
0
0
0
0
1
0
0
0
0
0
0
0
0
0
0
0
0
0
0
5
12
12
12
12
12
12
2
0
0
1
0
0
1
0
0
0
1
0
1
0
0
1
0
0
1
0
0
0
0
1
1
0
1
1
0
0
1
2
1
0
1
0
1
0
0
1
0
4
13
12
13
13
13
13
3
1
0
1
0
0
