12
12
12
12
12
12
12
12
12
12
12
12
12
12
12
12
12
12
12
12
12
12
12
12
12
12
12
12
12
15
15
13
7
6
7
6
6
6
6
6
6
6
6
6
6
6
7
6
7
6
6
6
6
6
6
6
11
12
9
8
8
8
10
9
8
8
8
8
7
7
13
7
6
11
12
12
12
7
7
11
12
12
6
12
12
6
12
12
13
14
13
14
14
14
14
14
14
14
14
14
14
14
15
15
14
14
14
14
14
15
14
14
13
14
14
14
14
14
14
14
14
14
14
14
14
14
14
15
14
14
14
14
14
13
14
14
14
14
14
14
14
14
12
11
11
11
11
11
11
11
11
11
11
11
10
9
9
9
9
9
9
9
9
9
8
9
9
8
8
8
8
8
8
7
7
7
7
7
7
7
8
9
11
12
11
10
9
8
7
8
8
7
6
6
12
13
12
14
14
14
15
15
15
15
15
15
15
15
15
14
15
15
15
15
15
15
15
15
15
13
12
12
10
11
11
11
13
12
14
13
13
14
15
14
14
14
13
13
13
13
14
14
14
14
14
14
15
14
14
14
15
10
9
10
10
11
10
14
14
15
14
14
12
11
14
14
14
14
15
11
11
14
14
14
15
11
11
14
13
13
13
13
14
14
14
14
13
14
