6
6
6
6
7
6
6
7
6
6
7
6
6
6
6
6
6
6
6
7
6
6
6
6
6
6
6
10
11
14
14
15
13
12
12
12
12
12
13
13
13
12
13
12
13
13
13
13
13
13
13
12
13
13
13
12
13
13
14
14
13
13
14
14
13
13
13
13
13
13
6
12
13
6
12
13
6
12
13
6
13
8
12
7
6
11
12
13
11
12
12
12
12
12
11
12
12
12
12
12
12
12
12
12
12
12
12
12
12
12
12
12
12
12
12
12
12
12
12
12
12
12
12
12
12
11
11
12
12
12
12
12
12
12
12
12
12
12
12
12
12
12
12
12
12
12
12
12
11
11
10
10
10
10
12
11
11
10
10
10
10
10
10
10
9
9
9
8
8
7
7
7
7
7
7
7
7
7
7
7
11
14
12
12
11
9
7
7
7
7
7
7
7
7
11
12
12
12
12
12
12
12
12
12
12
13
12
12
12
13
12
12
12
12
10
8
7
7
7
7
7
7
8
10
12
14
12
12
12
12
12
12
12
12
12
12
12
12
12
12
12
12
12
12
12
12
12
12
11
11
10
8
12
13
10
12
12
12
12
12
12
12
12
12
12
12
12
12
12
12
12
12
12
12
12
12
12
12
12
12
12
12
12
12
12
12
12
12
