4
4
4
4
4
4
4
4
4
4
4
4
4
4
4
4
4
4
4
4
4
4
4
4
4
4
4
10
8
4
4
4
4
4
4
4
4
4
4
4
4
4
4
4
4
4
4
4
4
4
4
4
4
4
4
4
11
10
5
4
4
4
4
4
4
4
4
4
4
4
4
4
4
4
4
4
4
4
4
4
4
4
4
4
4
4
4
10
19
21
23
24
23
24
10
12
12
12
13
12
12
13
12
12
12
12
12
13
13
13
13
13
13
12
13
13
13
13
13
13
13
12
13
13
13
12
12
13
13
13
13
12
13
13
13
12
13
13
13
13
13
13
13
13
12
12
12
12
12
11
11
10
10
10
12
12
11
11
10
11
10
10
10
10
9
9
9
8
8
8
7
7
7
7
7
7
7
7
7
7
12
14
13
12
11
9
8
8
7
7
7
7
7
8
12
13
13
13
13
13
13
13
12
13
13
13
13
13
13
13
13
12
13
12
11
8
8
7
8
8
8
7
8
10
12
14
13
13
12
12
12
12
13
13
13
12
13
13
12
13
13
13
13
13
13
13
13
12
11
13
12
11
13
14
10
13
12
12
12
12
12
13
12
13
13
12
12
13
13
13
12
13
13
12
12
12
13
14
14
15
13
12
13
12
13
13
13
13
