3
3
3
3
3
12
12
10
12
10
6
4
3
3
3
3
3
3
3
3
3
3
6
3
3
3
3
3
3
3
4
3
11
13
11
12
10
12
10
10
12
10
12
11
11
12
11
12
11
12
11
11
12
11
12
11
12
11
11
12
11
12
11
10
12
11
12
11
11
10
10
12
10
12
11
10
11
10
11
10
11
10
11
12
11
12
10
11
10
11
12
12
13
12
11
12
11
12
11
12
10
11
11
10
12
11
10
12
11
11
10
11
10
11
12
11
12
12
13
12
12
12
11
12
11
11
12
11
12
11
12
11
12
18
11
12
12
11
12
12
12
12
12
12
12
13
12
12
15
35
38
36
13
12
12
12
11
13
12
13
12
12
11
12
12
12
12
12
12
11
12
12
12
12
12
11
12
12
12
12
12
11
12
12
12
13
12
12
13
12
13
12
13
11
12
13
12
13
12
12
11
12
13
12
13
12
12
13
12
13
18
17
12
13
13
12
17
12
13
13
12
13
13
14
12
12
15
12
13
13
13
5
4
4
4
4
4
4
4
4
4
4
4
4
4
4
4
4
4
4
4
4
4
4
4
4
4
4
4
9
15
11
36
65
49
33
44
87
97
97
97
97
98
99
98
98
98
98
98
98
98
98
98
98
98
98
98
98
