9
11
10
9
9
9
9
9
9
10
10
9
9
15
16
9
9
9
9
9
10
10
9
9
9
12
10
9
9
7
6
6
7
6
5
6
5
7
6
6
6
5
5
6
14
9
6
6
5
7
6
5
5
5
6
6
6
5
6
5
5
6
6
5
5
8
5
5
5
5
5
5
5
14
10
5
5
6
60
5
5
5
5
5
5
7
5
6
7
5
5
5
5
5
6
5
6
7
6
6
5
5
5
5
5
5
5
5
5
7
7
5
5
5
5
5
5
5
5
5
7
7
5
5
5
5
5
5
5
5
5
6
6
7
5
5
5
5
5
6
10
7
5
5
5
7
5
5
5
5
5
5
6
6
5
5
5
7
5
5
5
5
5
5
7
5
5
5
5
7
5
5
6
5
7
5
5
5
5
5
26
25
5
5
6
6
5
5
5
5
5
5
5
11
6
7
5
5
5
5
5
5
5
5
5
9
5
5
5
5
5
5
5
5
6
6
5
7
5
5
5
5
5
5
5
7
5
5
5
12
10
6
5
5
5
5
5
7
5
5
5
7
6
5
5
5
5
5
7
5
5
5
5
7
5
6
5
5
6
6
7
5
5
5
5
12
10
6
5
5
5
7
5
5
5
5
5
11
11
6
5
5
7
6
6
5
5
5
