81
81
92
104
104
104
104
104
104
104
104
104
104
103
103
103
103
103
103
103
103
103
102
103
103
103
103
103
103
104
104
103
103
103
103
104
103
103
103
103
104
103
103
103
87
81
81
81
81
82
103
104
100
95
94
93
93
93
96
98
99
94
93
93
94
93
96
98
97
97
96
98
100
98
99
98
98
98
98
98
99
100
103
103
104
103
101
100
101
100
100
101
100
100
100
101
103
103
103
103
103
103
104
104
104
104
104
104
104
104
104
104
104
104
104
104
104
104
103
104
104
103
103
103
103
103
103
103
103
104
104
103
103
103
103
103
103
103
103
103
103
103
103
103
103
103
103
103
103
103
103
103
103
103
103
103
103
103
103
103
103
104
104
103
103
103
103
103
103
103
103
103
103
103
103
103
104
104
103
103
103
103
103
103
104
104
104
104
104
104
104
104
104
104
104
103
103
104
104
104
103
103
103
103
103
104
104
104
104
103
104
87
81
81
81
81
81
81
103
103
104
98
81
81
81
81
81
81
94
103
103
92
81
81
81
81
81
83
100
104
101
82
81
81
81
81
81
87
104
102
81
81
81
81
81
81
87
104
102
82
81
81
81
81
82
94
103
93
82
93
104
104
104
104
103
104
104
103
104
103
103
103
103
103
103
100
97
97
