81
80
93
83
90
102
102
102
102
99
80
81
80
80
81
80
80
97
99
103
103
103
100
98
100
103
103
103
103
103
103
103
103
103
103
103
103
103
103
103
103
103
103
99
96
94
98
98
98
98
96
103
103
95
94
94
94
94
102
103
104
95
90
92
98
98
99
104
103
104
103
103
104
103
99
103
103
103
103
104
104
104
103
104
103
103
103
103
103
98
97
103
97
104
103
103
104
104
104
103
104
104
104
104
104
104
103
104
104
103
104
103
104
103
104
103
104
103
104
104
104
104
104
104
104
104
104
104
104
104
104
104
104
104
104
104
104
104
104
104
104
104
104
104
104
104
104
104
104
103
104
103
104
104
104
104
104
104
103
104
103
104
104
104
104
104
104
103
103
104
104
104
104
104
103
104
104
104
104
103
104
104
104
104
104
104
104
104
104
104
104
103
103
104
104
104
104
104
103
104
104
104
104
104
104
103
104
104
104
103
96
100
97
100
95
95
98
104
104
96
96
94
94
92
95
103
103
104
94
93
96
97
95
96
100
103
102
101
95
96
93
92
97
103
103
97
100
92
97
95
96
98
104
98
96
93
95
95
99
93
102
103
98
98
93
96
95
94
100
103
100
99
93
94
95
92
96
103
100
99
98
93
97
98
92
98
98
93
