103
103
102
103
103
103
103
103
103
103
102
103
103
103
103
103
103
103
103
103
103
102
103
101
103
103
103
103
103
103
103
103
103
103
103
103
103
103
103
103
103
103
101
94
102
103
103
103
103
103
103
103
103
103
103
103
103
103
103
103
103
103
103
103
104
103
103
104
103
103
103
103
103
103
103
103
103
103
103
103
103
103
103
103
103
103
103
103
103
103
103
103
103
103
103
103
104
103
103
103
104
103
103
103
103
103
103
104
104
103
104
103
103
103
103
103
103
103
103
103
103
103
103
103
103
103
103
103
103
103
103
103
103
103
103
103
103
103
103
103
103
103
103
103
103
103
103
103
103
103
103
103
103
103
103
103
103
103
103
103
103
103
103
103
103
103
103
103
103
103
103
103
103
103
103
103
103
103
104
103
103
103
103
103
104
103
104
103
103
103
103
103
103
103
103
103
103
103
103
103
103
103
103
103
103
103
103
103
103
103
103
103
103
103
103
103
103
103
103
103
103
103
103
103
103
103
103
103
103
103
104
103
103
103
103
103
103
103
103
103
102
103
103
103
103
103
103
103
103
103
103
103
103
103
103
103
103
103
102
103
103
103
104
103
103
103
103
103
103
103
103
103
103
103
103
103
103
103
103
103
103
103
103
103
101
97
97
97
