79
80
79
80
85
102
101
102
101
99
60
62
58
62
58
60
60
64
82
100
102
101
102
102
101
102
101
102
102
100
102
101
102
101
102
101
102
102
101
102
102
102
102
93
56
59
58
62
64
70
81
100
102
99
99
99
73
61
70
71
71
71
61
71
83
84
72
72
72
72
72
85
95
96
83
83
83
83
83
96
102
101
102
102
101
90
99
73
71
72
75
84
86
97
96
101
103
103
103
103
103
103
103
103
103
103
103
103
103
103
103
103
103
103
103
103
103
103
103
103
103
103
103
103
103
103
103
103
103
103
103
103
103
103
103
103
103
103
103
103
103
103
103
103
103
103
103
103
103
103
103
103
104
103
103
103
103
103
103
103
103
103
103
103
103
103
103
103
103
103
103
103
103
103
103
103
103
103
103
103
103
103
103
103
103
103
103
103
103
103
103
103
103
103
103
103
103
103
103
102
103
104
103
103
103
103
103
103
103
103
84
81
82
82
81
82
92
103
103
82
82
82
82
82
82
94
103
100
82
82
82
82
82
84
100
103
92
82
82
82
82
82
85
102
101
82
82
82
82
82
82
98
103
87
82
82
82
82
82
94
104
103
91
83
82
82
82
82
89
103
92
82
82
82
82
82
92
103
98
82
82
82
82
82
86
102
97
78
