101
103
103
103
103
103
103
103
103
103
103
103
103
103
103
103
103
103
103
103
103
103
103
103
103
103
102
102
102
102
102
102
102
102
102
102
102
102
102
102
102
102
102
102
102
102
102
102
102
102
102
102
102
102
102
102
102
102
102
102
102
102
102
101
99
100
100
100
100
100
100
100
100
100
100
99
100
100
100
99
100
100
100
100
100
100
99
100
100
99
100
100
99
100
100
100
100
99
100
100
100
100
100
100
100
99
100
100
100
100
99
99
100
100
100
100
100
99
100
100
99
100
100
100
100
100
100
100
100
100
100
100
100
100
100
100
100
100
100
100
100
100
100
100
100
100
101
100
100
100
102
103
103
102
102
102
102
103
103
103
101
101
102
103
102
103
102
103
103
103
104
103
103
103
103
103
103
103
103
104
104
104
104
103
103
103
103
103
103
103
103
103
103
102
103
103
103
104
104
103
103
103
104
103
104
104
103
103
103
103
104
104
104
104
103
103
103
104
103
103
103
103
103
103
103
104
103
103
104
103
103
103
103
104
103
103
103
103
103
103
103
103
103
103
103
103
103
103
103
103
103
103
104
103
103
103
103
103
103
103
103
103
104
103
103
103
103
103
103
103
104
103
103
103
103
104
104
103
104
103
103
103
103
104
103
103
99
97
