101
102
102
103
102
101
101
99
101
100
99
103
102
100
100
101
101
99
102
100
99
101
100
102
100
101
102
100
101
100
102
101
101
102
103
102
100
102
102
100
102
101
101
102
101
102
101
102
102
101
102
101
102
101
101
103
102
103
102
101
102
100
102
101
101
102
101
102
100
101
101
100
102
100
102
101
101
102
101
102
102
101
102
100
101
101
101
102
101
100
102
103
103
103
103
103
102
102
102
103
101
102
103
103
103
103
103
103
103
103
103
103
103
103
103
103
103
103
102
103
103
103
103
103
103
103
103
102
103
103
103
103
103
103
103
103
103
103
103
103
103
103
101
103
103
103
103
102
103
103
103
103
103
103
103
103
103
103
103
103
103
103
103
103
103
103
103
103
103
103
103
103
103
103
103
103
103
103
103
103
103
103
103
103
103
103
102
103
103
103
103
102
103
103
103
102
103
103
102
103
103
103
102
103
103
101
103
103
103
87
95
102
101
101
102
102
100
100
100
101
101
101
102
102
100
102
100
101
98
97
99
101
100
102
100
101
101
100
101
101
101
102
99
102
101
100
98
101
102
102
102
102
100
102
100
102
101
101
98
99
101
100
101
101
101
98
99
100
102
101
103
101
102
102
101
102
102
102
101
99
102
103
101
102
98
96
96
96
