91
88
91
93
92
103
103
104
103
103
99
95
94
88
95
96
95
90
102
104
104
104
104
104
104
104
104
104
104
104
104
104
104
104
104
104
104
104
104
103
103
104
104
103
92
88
93
85
94
94
98
103
103
88
85
85
84
84
100
103
103
99
92
92
94
90
97
103
100
99
101
92
103
98
88
92
101
103
103
103
103
103
103
103
103
99
101
101
100
100
100
100
100
100
100
101
103
103
103
103
103
103
103
103
103
103
103
103
103
103
103
103
103
103
103
103
103
103
103
103
103
103
103
103
103
103
103
103
103
103
104
103
103
103
103
103
103
103
103
103
103
104
103
103
104
103
104
103
103
103
104
103
103
103
103
103
103
103
103
103
103
103
104
103
103
103
103
103
104
104
103
103
103
103
103
103
103
103
103
103
103
104
104
103
103
103
103
103
103
103
103
103
103
103
103
103
103
103
103
103
103
103
103
103
103
103
103
103
103
103
97
97
98
93
94
92
103
103
104
101
92
92
91
97
92
102
103
103
92
91
90
91
95
99
103
104
104
98
95
98
96
99
96
103
103
93
91
93
92
90
91
101
104
104
94
96
95
97
89
96
104
104
103
97
93
98
97
96
95
103
99
90
94
101
96
95
99
104
104
97
90
96
93
93
94
97
97
96
