104
104
105
105
104
103
104
104
105
105
105
105
105
104
105
104
105
105
104
105
104
104
101
98
100
104
104
104
104
104
104
104
105
104
104
104
104
104
104
104
104
104
104
105
104
104
104
104
104
104
104
104
104
104
104
104
104
104
104
105
105
104
104
104
104
104
104
104
104
104
104
104
104
104
104
104
104
104
105
104
104
105
104
105
104
104
104
105
104
105
104
104
104
105
105
104
105
105
104
104
104
104
104
104
104
104
104
105
105
105
105
104
104
104
104
104
104
104
104
104
104
104
104
104
104
102
103
104
104
104
104
105
104
105
104
104
104
104
104
104
104
104
104
105
104
104
104
104
104
104
104
104
104
104
104
105
104
104
105
104
105
104
105
105
105
105
104
105
104
104
105
104
105
105
105
104
105
104
104
105
104
104
104
104
104
104
104
104
104
104
104
104
104
104
105
104
104
104
105
104
104
105
104
104
105
105
104
104
104
104
104
104
104
104
104
104
104
104
104
104
104
104
104
104
105
105
105
105
105
105
104
104
105
105
105
105
104
104
105
105
104
104
105
105
105
105
105
104
104
105
104
104
104
104
102
104
104
104
104
105
102
103
104
103
104
105
104
103
104
105
105
105
104
105
104
105
104
105
103
102
104
103
104
104
104
104
104
102
