101
97
95
98
98
104
104
104
103
92
95
96
99
93
94
95
99
100
104
104
104
104
104
104
104
104
104
104
104
104
104
104
104
104
104
104
104
104
104
103
104
104
102
98
102
96
104
96
96
104
104
104
104
104
104
104
105
104
104
104
102
98
97
97
101
94
100
102
89
86
98
85
93
102
100
104
104
104
104
104
104
104
104
104
104
104
104
104
104
104
104
105
104
104
104
104
104
105
104
104
104
105
104
104
104
104
104
104
104
104
104
104
105
104
104
104
105
104
104
104
105
104
104
104
104
105
104
104
104
104
105
105
105
104
105
105
105
104
104
104
105
105
104
104
104
104
104
104
104
104
104
104
104
104
105
105
104
105
105
105
104
104
105
104
105
105
105
104
104
104
104
105
104
104
104
104
105
105
104
104
104
105
104
105
104
104
105
104
105
104
105
105
105
105
105
105
104
105
104
105
105
105
104
104
105
105
105
105
104
97
91
92
96
97
99
98
104
104
91
97
98
98
93
99
94
104
103
98
99
99
99
94
90
101
104
92
91
95
90
94
90
95
104
102
96
98
96
97
100
98
99
104
88
96
94
95
93
99
95
103
104
91
93
96
92
94
92
101
104
98
100
95
88
96
96
94
104
99
92
99
93
96
96
96
102
103
89
91
