0
0
0
0
0
0
0
0
0
0
0
0
0
0
0
0
0
0
0
0
0
0
0
0
0
20
96
27
0
0
0
0
0
0
0
0
0
0
0
0
0
0
42
31
6
33
101
98
98
98
98
99
99
97
98
92
98
84
64
40
5
97
101
83
56
30
29
15
0
0
0
0
0
0
0
0
0
0
29
105
105
105
104
104
105
104
102
102
102
100
104
91
78
60
49
11
0
0
0
0
0
0
0
0
1
89
52
9
0
1
0
0
0
0
0
0
0
0
0
0
0
0
0
0
0
0
0
0
0
0
0
0
0
44
104
105
106
105
106
105
105
105
105
105
106
105
105
106
105
105
105
105
105
106
105
105
105
105
104
104
104
104
105
104
104
103
103
105
103
104
105
104
105
105
105
105
104
104
100
98
101
99
95
82
83
83
83
80
79
67
57
57
57
55
57
53
42
39
24
14
14
14
14
1
0
0
0
0
0
3
96
76
18
12
0
0
0
0
0
0
78
60
12
40
105
106
105
100
105
105
104
103
103
88
102
102
103
102
101
102
98
92
96
96
86
98
91
70
70
65
58
27
19
102
105
105
102
104
104
105
104
104
103
105
105
105
105
105
105
105
105
104
104
103
96
101
105
105
97
104
104
102
101
102
102
97
97
98
