102
103
102
102
102
102
102
102
103
102
102
102
102
102
102
103
102
103
102
102
102
102
95
89
92
102
102
102
102
105
105
105
105
105
104
105
105
105
105
105
105
105
104
105
102
105
102
104
105
105
105
105
104
105
105
105
105
104
104
104
105
105
105
105
105
105
104
104
105
105
105
105
105
104
105
104
104
105
105
104
104
104
103
104
103
102
103
102
103
102
103
102
102
103
102
103
102
102
102
101
103
101
103
101
102
103
101
103
101
103
102
102
102
101
103
101
103
101
102
102
101
103
100
103
102
101
103
101
103
101
103
102
102
103
101
103
100
103
102
101
102
101
103
101
102
102
101
103
100
102
101
101
102
100
103
101
102
102
101
103
100
103
101
101
102
100
103
100
102
102
100
102
100
103
101
101
102
101
103
101
102
102
101
103
100
103
101
102
102
101
102
100
103
101
101
102
100
103
100
102
102
100
102
100
102
102
101
102
100
103
101
102
102
101
102
100
102
101
101
102
100
102
100
102
101
100
103
100
102
102
101
103
100
103
101
101
102
101
103
100
102
101
101
102
100
103
101
101
102
100
103
102
101
103
100
103
101
101
103
100
103
101
101
102
100
103
101
101
102
101
102
100
102
102
101
102
100
103
101
101
102
100
103
101
102
103
100
103
