102
102
102
101
102
102
102
101
102
102
102
102
102
101
101
102
102
102
102
101
102
100
98
99
102
102
102
102
102
102
102
102
102
102
101
101
102
102
102
102
102
102
102
102
102
102
102
102
102
102
102
102
102
102
101
100
101
102
101
101
101
102
102
102
102
102
102
103
103
104
103
103
104
104
103
104
103
104
103
103
104
104
103
104
103
103
104
103
103
104
103
104
103
104
103
104
104
104
103
104
104
103
104
103
104
104
104
104
104
104
104
104
104
104
104
104
104
104
104
104
104
104
103
104
103
103
104
103
102
103
103
103
103
103
103
103
103
102
103
103
103
103
103
102
102
103
103
102
103
103
103
102
103
103
103
103
103
103
103
103
103
103
103
103
103
103
103
103
102
103
103
103
103
103
102
102
103
103
102
103
103
103
103
103
103
103
103
102
102
102
103
103
102
103
103
103
102
102
102
102
103
102
102
102
102
102
102
102
102
101
102
102
102
102
102
102
102
102
102
102
102
102
102
102
102
101
102
101
101
101
102
101
101
101
102
102
101
102
102
102
102
101
102
102
102
102
102
102
102
101
102
102
102
102
102
101
102
102
101
101
101
101
101
101
101
101
101
101
102
101
102
102
101
102
102
101
101
101
102
101
102
102
102
102
102
101
101
101
