1
1
1
1
1
1
1
1
1
1
1
1
1
1
1
1
1
1
1
1
1
1
1
1
1
1
1
47
54
21
7
1
1
1
1
1
1
1
1
1
1
1
1
1
1
1
1
1
1
1
1
1
1
1
1
1
55
60
35
15
6
1
1
1
1
1
1
1
1
1
1
1
1
1
1
1
1
1
1
1
1
1
1
1
1
1
1
30
71
71
71
71
71
71
71
75
75
75
76
83
84
85
93
93
93
93
72
74
79
84
84
90
92
92
93
93
92
93
93
93
92
93
93
93
92
93
93
93
93
93
92
93
92
92
82
71
71
71
71
72
72
72
72
72
72
71
71
71
71
73
99
99
102
101
97
92
74
68
57
58
37
0
0
0
0
1
0
0
0
0
1
1
0
0
0
1
1
1
1
1
49
100
89
48
18
15
15
15
15
7
0
1
1
1
78
101
101
102
101
101
102
103
103
103
101
102
101
102
99
90
48
65
65
33
1
1
1
1
1
1
1
1
1
1
29
71
71
71
71
71
71
72
71
71
71
71
71
71
71
71
71
71
71
71
71
71
71
72
69
69
68
47
21
19
84
72
71
73
72
72
72
72
72
72
72
72
72
72
72
72
72
72
72
72
72
72
72
72
73
72
72
71
72
72
71
71
71
71
