1
1
1
1
1
1
1
1
1
1
1
1
1
1
1
1
1
1
1
1
1
1
11
15
15
15
31
93
22
5
1
1
31
22
15
13
14
14
13
15
15
15
15
51
45
18
36
97
97
97
97
97
97
97
97
97
97
97
97
97
97
95
90
67
14
0
1
1
73
97
96
96
88
77
67
58
49
37
29
49
96
96
96
95
96
96
96
93
97
97
96
96
96
96
94
70
53
53
52
41
40
37
26
26
26
27
68
63
48
40
40
30
27
27
26
26
27
26
27
27
27
27
27
27
27
26
26
26
27
26
27
26
26
26
46
71
71
71
71
72
72
72
72
72
72
72
71
74
75
79
97
96
97
97
97
97
97
98
97
97
97
96
96
96
96
94
85
85
94
96
96
96
96
96
86
85
85
85
85
85
92
97
96
86
85
85
85
85
87
97
92
85
86
86
92
98
97
97
96
86
71
61
55
43
34
29
23
15
18
87
94
91
83
32
15
15
17
71
19
15
10
75
80
89
86
53
35
15
52
68
22
7
1
14
39
98
98
98
98
98
98
98
98
98
98
98
99
99
99
95
78
42
17
64
42
65
64
65
71
72
72
72
71
72
72
72
72
72
72
72
72
72
72
72
72
72
72
72
68
69
75
76
77
79
79
80
83
86
