0
0
0
0
0
0
0
0
0
0
0
0
0
0
0
0
0
0
0
0
0
0
0
25
36
97
56
92
42
11
0
0
0
0
0
0
0
0
0
0
0
44
90
74
28
11
37
104
103
102
101
101
102
101
101
101
93
98
95
75
65
30
101
102
97
71
29
15
15
14
36
52
16
15
15
13
15
14
14
44
104
104
105
104
103
104
105
98
103
103
100
90
85
85
70
15
13
27
56
18
15
14
13
15
14
14
93
53
5
0
0
0
0
0
0
3
96
102
102
102
102
98
85
72
70
49
53
30
4
0
0
0
0
0
48
106
106
105
106
106
105
105
105
105
105
105
106
106
105
105
105
106
105
105
105
105
105
106
105
106
106
106
105
106
106
105
106
106
105
104
104
104
104
106
105
105
105
105
104
98
93
101
104
105
101
97
82
72
75
94
56
43
43
43
94
105
95
82
85
85
78
70
71
70
70
67
20
13
8
97
95
85
88
37
20
15
23
71
20
15
15
87
80
67
59
57
29
14
59
88
40
8
0
9
39
102
102
100
99
98
99
99
98
98
98
95
99
79
42
24
0
10
12
15
19
102
105
102
104
104
104
104
104
103
103
104
102
102
99
102
102
103
103
102
102
100
102
101
100
96
100
100
100
100
99
99
99
98
