0
0
0
0
0
0
0
0
0
0
0
0
0
0
0
0
0
0
0
0
0
0
0
26
32
94
53
96
30
7
0
0
0
0
0
0
0
0
1
1
0
49
97
59
15
1
38
102
103
102
102
101
102
100
102
102
101
103
97
78
55
39
94
63
29
29
29
28
6
1
1
1
1
1
1
1
1
1
1
37
103
102
101
103
101
101
103
101
101
103
102
101
103
102
101
94
85
67
30
29
26
4
1
1
7
13
96
44
6
1
1
1
1
0
0
3
96
102
103
99
97
97
97
97
86
75
71
65
56
43
43
32
22
13
56
103
103
103
103
103
104
104
104
104
104
104
104
104
103
104
104
104
104
104
104
104
104
104
104
104
104
104
104
104
104
104
104
104
104
104
104
104
104
104
104
104
104
104
104
104
104
103
103
103
103
103
103
103
102
102
97
97
98
98
102
103
100
98
98
98
98
98
98
93
86
74
58
58
46
101
99
99
98
51
25
15
31
70
38
23
15
87
71
92
68
14
1
1
92
103
103
102
103
102
103
102
103
103
103
103
103
103
101
102
103
103
103
83
30
29
16
0
0
23
103
103
103
103
104
103
104
104
103
104
104
104
104
104
104
104
104
104
104
104
104
104
103
104
104
104
104
104
104
104
104
104
104
104
