1
1
1
1
1
1
1
1
1
1
1
1
1
1
1
1
1
1
1
1
1
1
1
1
1
1
1
53
49
19
15
15
6
1
1
1
1
1
1
1
1
1
1
1
1
1
1
1
1
1
1
1
1
1
1
1
64
72
37
17
15
4
1
1
1
1
1
1
1
1
1
1
1
1
1
1
1
1
1
1
1
1
1
1
1
1
1
47
101
102
101
100
102
101
100
102
101
101
102
101
102
102
100
102
102
101
102
101
101
102
101
102
102
100
102
101
101
102
101
101
102
101
101
102
101
101
102
100
102
99
93
85
85
85
83
70
71
72
72
71
67
57
51
35
15
12
0
0
0
1
0
1
1
1
1
1
1
1
1
1
1
1
1
1
1
1
1
1
1
1
1
1
1
1
1
1
1
1
1
1
60
102
98
61
34
15
15
11
0
1
1
1
1
3
91
101
101
102
101
102
101
102
101
102
101
102
101
100
94
76
53
89
89
24
1
1
1
1
1
1
1
1
1
1
45
101
102
101
102
101
102
101
102
101
102
101
102
101
102
101
102
101
101
101
102
101
101
97
93
58
52
34
79
86
81
90
71
76
101
103
102
101
102
101
102
101
101
101
101
102
101
102
101
102
101
101
101
102
97
99
102
101
102
101
102
101
103
101
