0
0
0
0
0
0
0
0
0
0
0
0
0
0
0
0
0
0
0
0
0
0
0
25
25
101
56
94
37
15
15
11
0
0
0
0
0
0
0
0
0
44
102
89
24
0
34
103
102
102
103
102
103
103
103
103
103
103
103
102
93
77
93
70
42
19
0
0
78
102
97
97
85
60
22
15
15
15
4
30
102
101
101
102
101
103
101
102
102
101
103
102
103
102
103
99
89
86
83
52
22
15
15
4
0
1
89
52
4
1
0
0
0
0
0
0
94
104
103
102
102
97
97
82
62
47
43
33
29
30
29
29
29
25
51
96
97
97
97
96
97
97
100
102
100
97
97
97
97
96
97
97
97
97
97
97
97
97
97
97
97
97
97
97
97
97
97
97
97
97
98
97
98
97
97
98
97
98
97
97
100
101
103
100
97
97
97
97
97
97
77
72
72
72
97
100
103
101
102
102
101
103
97
64
56
43
43
35
19
93
82
90
90
44
17
1
12
73
23
15
14
77
74
79
71
38
20
3
89
102
102
102
102
101
103
102
103
102
103
103
103
103
100
104
102
102
103
89
74
57
44
44
43
43
46
87
86
88
102
102
103
101
103
102
101
102
101
102
100
102
101
101
101
100
102
101
101
102
101
102
101
100
102
100
102
101
101
102
