0
0
0
0
0
0
0
0
0
0
0
0
0
0
0
0
0
0
0
0
0
0
0
0
0
0
0
46
51
15
15
8
0
0
0
0
0
0
0
0
0
0
1
0
0
0
0
0
0
0
0
0
0
0
0
0
54
56
36
18
15
4
0
0
0
0
0
0
0
0
0
0
0
0
0
0
0
0
0
0
0
0
0
0
0
0
0
42
103
103
103
103
104
104
103
103
104
103
103
103
104
104
103
103
103
103
103
103
103
103
103
103
103
103
103
103
103
103
103
103
103
103
103
103
103
103
103
103
103
103
103
103
103
103
103
103
101
92
86
86
86
86
77
72
72
72
65
38
29
29
29
19
15
15
15
15
15
15
15
15
15
9
1
0
0
0
0
0
0
0
0
0
0
0
0
0
0
0
0
0
27
53
33
12
0
0
0
0
0
0
0
0
0
1
86
103
103
103
103
103
103
103
103
104
103
103
103
104
103
103
74
87
94
44
2
1
1
0
0
0
0
0
0
0
41
103
103
103
103
103
103
103
103
103
103
103
103
103
103
103
103
103
103
103
103
102
103
98
87
55
31
29
76
79
77
96
97
98
102
103
103
103
103
103
103
103
103
102
103
103
103
103
103
103
103
103
103
103
103
103
103
104
104
103
103
104
103
103
