0
0
0
0
0
0
0
0
0
0
0
0
0
0
0
0
0
0
0
0
0
0
0
21
32
98
60
82
36
29
29
29
29
29
29
29
29
29
29
29
29
20
15
61
67
43
52
98
98
99
98
98
99
103
103
102
98
75
28
15
15
19
97
84
57
13
0
0
85
103
103
99
78
72
48
15
7
0
0
37
103
103
103
103
103
103
103
102
102
104
104
92
72
71
58
52
29
17
0
0
0
0
0
0
0
2
95
36
1
0
0
0
0
0
0
3
99
103
98
90
86
78
61
42
23
15
15
15
15
15
15
15
10
0
55
103
103
103
104
104
104
104
104
104
104
104
104
104
103
104
104
104
104
104
104
104
104
104
104
104
104
104
104
104
104
104
104
104
104
104
104
104
92
86
78
72
72
72
72
59
85
101
86
81
66
53
24
15
29
96
67
18
15
18
100
104
104
100
98
98
98
98
98
98
98
94
54
29
25
92
72
86
78
47
29
15
19
63
18
4
13
88
65
66
33
5
0
2
86
104
104
91
81
81
81
81
81
86
104
103
89
81
82
104
103
102
103
98
85
29
29
29
22
4
20
101
103
103
103
104
103
103
104
104
104
103
103
103
96
81
81
94
103
84
81
81
81
82
82
92
103
103
104
104
103
104
104
104
