1
1
1
1
1
1
1
1
1
1
1
1
1
1
1
1
1
1
1
1
1
1
1
1
1
1
1
1
1
1
1
1
1
1
1
1
1
1
1
1
1
1
1
1
1
1
1
1
1
1
1
1
1
1
1
1
1
1
1
1
1
1
1
1
1
1
1
1
1
1
1
1
1
1
1
1
1
1
1
1
1
1
1
1
1
1
1
43
98
99
99
98
99
100
102
100
102
100
102
101
101
100
101
102
100
102
100
102
101
101
101
100
101
100
102
101
102
101
101
102
100
102
101
101
101
101
102
100
102
101
102
101
101
102
100
97
97
97
97
95
85
85
71
59
46
44
41
29
26
15
15
10
0
0
1
1
1
1
1
1
1
1
1
1
1
1
1
1
1
1
1
1
1
1
1
1
1
1
1
1
1
1
1
1
1
1
1
1
1
1
1
1
1
2
86
102
101
101
102
101
101
102
101
102
101
101
102
101
97
73
51
83
91
23
6
0
1
1
1
1
1
1
1
1
44
85
78
77
95
100
101
89
78
77
78
78
78
81
98
100
92
82
100
101
91
95
99
89
70
57
45
29
61
70
60
96
98
77
78
78
78
77
77
94
100
78
77
77
78
77
78
95
100
80
78
81
77
79
81
84
101
101
100
102
100
101
102
100
