1
1
1
1
1
1
1
1
1
1
1
1
1
1
1
1
1
1
1
1
1
1
1
1
1
1
1
1
1
1
1
1
1
1
1
1
1
1
1
1
1
1
1
1
1
1
1
1
1
1
1
1
1
1
1
1
1
1
1
1
1
1
1
1
1
1
1
1
1
1
1
1
1
1
1
1
1
1
1
1
1
1
1
1
1
1
1
48
100
101
102
100
102
100
101
101
101
101
101
102
100
101
100
102
101
101
101
101
101
100
102
101
102
101
102
101
101
101
101
102
101
101
101
101
102
100
101
99
96
96
96
96
96
96
96
96
94
84
84
75
61
57
50
32
26
15
15
11
0
0
0
0
0
1
1
1
1
1
1
1
1
1
1
1
1
1
1
1
1
1
1
1
1
1
1
1
1
1
1
1
1
1
1
1
1
1
1
1
1
1
1
1
1
1
14
15
15
15
15
15
15
15
15
13
1
1
1
1
1
1
5
97
98
61
22
15
8
1
1
1
1
1
1
1
47
101
100
101
100
101
100
101
101
101
101
101
101
100
102
101
101
102
99
101
101
99
101
77
47
29
29
29
79
82
87
87
84
86
100
100
101
100
102
101
101
101
101
102
101
101
101
100
101
100
102
101
101
102
98
99
101
101
102
101
101
102
101
102
