0
0
0
0
0
0
0
0
0
0
0
0
0
0
0
0
0
0
0
0
0
0
0
21
31
98
45
85
27
15
5
0
0
0
0
0
0
0
0
0
0
44
74
67
54
33
45
100
98
99
97
98
98
98
98
98
101
101
91
73
38
20
99
103
89
70
52
28
3
0
0
0
0
0
0
0
0
0
0
37
104
104
104
104
104
104
104
104
104
104
104
104
104
104
100
98
78
60
29
12
0
0
1
0
0
2
93
48
6
0
0
0
0
0
0
3
93
104
104
104
102
97
93
86
65
43
43
43
36
29
29
18
15
15
57
103
103
103
97
97
98
99
104
104
104
104
104
99
98
98
98
98
98
98
98
98
98
98
98
98
98
98
98
98
98
98
98
98
98
98
98
98
98
98
98
98
98
98
98
98
102
104
104
101
98
89
86
78
60
100
63
41
17
2
92
104
104
104
104
104
104
104
104
104
104
104
103
82
46
102
104
98
94
63
22
1
17
65
12
0
1
88
77
88
60
28
15
15
54
58
14
0
0
1
28
101
103
101
103
103
103
104
103
103
103
94
89
104
98
97
96
47
24
1
7
102
104
103
103
103
104
100
103
103
103
103
94
104
104
101
103
103
103
103
103
102
101
91
89
103
104
104
104
104
104
104
104
104
