0
0
0
1
0
0
0
0
0
0
0
0
0
0
0
0
0
0
0
0
0
0
0
0
0
0
0
0
0
0
0
0
0
0
0
0
0
0
0
0
0
0
0
0
0
0
0
0
0
0
0
0
0
0
0
0
0
0
0
1
0
0
0
0
0
0
0
0
0
0
0
0
0
0
0
0
0
0
0
0
0
0
0
0
0
0
0
38
77
79
79
79
79
79
80
91
99
99
99
99
99
99
99
99
99
100
99
100
99
99
99
99
99
99
99
99
99
100
99
99
99
99
99
99
99
100
100
100
100
100
100
100
100
100
100
100
100
100
100
100
100
100
100
100
89
86
74
64
30
29
9
1
1
1
1
1
1
1
1
1
1
0
0
0
1
1
0
0
0
0
0
0
0
0
0
0
0
0
0
0
0
0
1
0
0
0
0
0
0
0
0
0
0
0
0
0
0
0
0
0
0
0
0
1
1
0
0
0
0
0
2
51
72
66
36
15
15
15
15
15
15
15
15
15
29
72
72
72
72
72
73
72
74
76
77
79
79
79
79
83
83
83
86
86
86
86
86
80
59
42
40
24
72
78
63
99
97
97
99
99
99
99
99
99
99
99
99
99
99
99
99
99
99
99
99
99
99
99
97
95
99
99
99
99
100
100
100
100
