1
1
1
1
1
1
1
1
1
1
1
1
1
1
1
1
1
1
1
1
1
1
1
1
1
1
1
1
1
1
1
1
1
1
1
1
1
1
1
1
1
1
1
1
1
1
1
1
1
1
1
1
1
1
1
1
1
1
1
1
1
1
1
1
1
1
1
1
1
1
1
1
1
1
1
1
1
1
1
1
1
1
1
1
1
1
1
38
93
95
95
95
95
95
95
95
95
95
95
95
95
95
95
95
95
95
95
95
95
95
95
95
95
95
95
95
95
95
95
95
95
95
95
95
95
95
95
95
95
95
95
95
95
95
95
95
95
95
95
95
95
89
75
59
55
42
30
13
12
11
11
12
12
12
12
11
12
12
12
12
11
1
1
1
1
1
1
1
1
1
1
1
1
1
1
1
1
1
1
1
1
1
1
1
1
1
1
1
1
1
1
1
1
1
1
1
1
1
1
1
1
1
1
1
1
1
1
1
1
1
2
52
86
43
15
5
1
1
1
1
1
1
1
1
38
96
96
96
77
77
95
95
95
95
95
95
95
95
94
95
94
94
94
95
95
94
94
94
88
70
32
1
63
81
78
72
95
95
96
95
95
96
96
95
96
95
95
96
96
96
96
96
96
96
95
95
95
96
96
96
95
95
96
95
96
96
95
96
