0
0
0
0
0
0
0
0
0
0
0
0
0
0
0
0
0
0
0
0
0
0
0
0
0
0
0
0
0
0
0
0
0
0
0
0
0
0
0
0
0
0
0
0
0
0
1
0
0
0
0
0
0
0
0
0
0
0
0
0
0
0
0
0
0
0
0
0
0
0
0
0
0
0
0
0
0
0
0
0
0
0
0
0
0
0
0
9
99
91
85
73
52
38
21
1
0
0
0
0
0
0
0
0
0
0
1
0
0
1
0
1
1
1
1
1
1
1
1
1
1
1
1
1
0
0
1
1
0
0
0
0
0
1
0
0
0
0
0
0
0
0
0
0
0
0
0
0
0
0
0
0
0
0
0
0
0
0
0
0
0
0
0
0
0
1
0
1
0
0
0
0
0
0
0
0
0
0
0
0
0
0
0
0
0
0
0
0
0
0
0
0
0
0
0
0
0
0
0
0
0
0
0
0
0
0
0
0
0
0
1
60
81
30
15
14
0
0
0
0
0
0
1
1
1
1
1
1
94
104
104
103
103
103
103
102
102
102
103
102
102
103
102
103
102
102
102
98
80
66
57
57
57
65
77
102
103
103
103
103
103
102
102
102
100
101
102
103
103
103
102
102
102
103
103
103
103
104
104
103
103
103
103
103
104
104
103
104
