0
0
0
0
0
0
0
0
0
0
0
0
0
0
0
0
0
0
0
0
0
0
0
0
25
98
48
85
24
0
0
0
0
0
0
0
0
0
0
0
0
0
0
48
48
25
37
98
99
101
98
99
98
99
98
99
102
102
64
29
13
6
99
94
56
34
10
0
79
104
102
91
87
61
25
3
0
0
0
31
103
104
104
104
104
104
104
104
104
104
104
104
104
102
88
87
68
43
10
0
0
0
0
0
0
1
91
43
2
0
0
0
0
0
0
0
87
103
104
104
104
104
101
91
86
82
60
31
22
7
0
0
0
0
51
103
103
104
104
103
103
104
103
103
103
103
104
103
103
103
104
103
103
103
104
104
104
104
104
104
104
104
104
104
104
104
104
104
104
104
104
104
104
104
104
104
104
104
104
103
101
104
104
100
99
94
69
58
62
104
82
44
38
26
93
104
104
104
104
104
104
104
104
104
105
102
88
59
24
96
82
97
102
60
15
1
15
62
16
5
0
79
75
77
63
53
18
11
92
104
104
104
104
105
104
104
104
105
104
104
104
104
102
104
104
104
104
93
81
59
58
31
14
0
11
103
103
104
104
104
104
104
104
103
103
103
103
103
104
103
103
103
103
103
103
103
103
103
104
103
104
104
104
103
104
103
103
103
