0
0
0
0
0
0
0
0
0
0
0
0
0
0
0
0
0
0
0
0
0
0
0
0
0
0
0
1
0
0
1
1
1
1
1
1
1
1
1
1
1
1
1
1
1
1
1
1
1
1
1
1
1
1
1
1
1
1
1
1
1
1
1
1
1
1
1
1
1
1
1
1
1
1
1
1
1
1
1
1
1
1
1
1
1
1
1
4
79
88
97
76
38
19
1
1
1
1
1
1
1
1
1
0
0
0
0
0
0
0
0
0
0
0
0
0
0
0
0
0
0
0
0
0
0
0
0
0
1
0
1
1
1
0
1
1
1
1
1
1
1
1
1
1
1
1
1
1
1
1
1
1
1
1
1
1
1
1
1
1
1
1
1
1
1
1
1
1
1
1
1
1
1
1
1
1
1
1
1
1
1
1
1
1
1
1
1
1
1
0
1
1
1
1
1
1
1
1
1
1
1
1
0
0
0
1
0
0
0
0
1
74
75
38
26
15
15
15
13
13
13
13
13
13
13
13
13
14
81
97
99
99
99
99
90
84
99
96
96
98
95
99
98
96
96
96
96
86
63
37
15
13
93
72
78
78
100
100
99
99
92
98
99
100
99
99
97
93
99
98
89
89
97
97
103
103
103
103
93
85
86
89
92
95
101
100
102
102
