1
1
1
1
1
1
1
1
1
1
1
1
1
1
1
1
1
1
1
1
1
1
1
1
30
95
53
85
23
1
1
1
1
1
1
1
1
1
1
1
1
1
1
55
46
15
50
100
96
96
96
96
96
96
96
96
99
98
96
96
81
73
85
57
46
8
1
1
1
1
1
1
1
1
1
1
1
1
1
36
100
101
100
101
101
101
101
100
102
102
102
103
102
102
103
103
101
99
81
52
15
8
1
1
1
2
92
36
1
1
1
1
1
1
1
3
95
100
99
100
100
98
85
85
83
71
59
57
57
44
36
19
12
1
52
100
100
101
100
101
100
101
101
102
101
100
100
100
99
100
100
100
100
101
101
100
100
100
100
100
100
100
100
100
99
100
99
100
99
100
99
99
99
99
100
99
100
99
100
99
99
100
95
94
94
92
95
95
95
100
98
94
92
85
99
100
101
100
99
96
95
96
89
85
74
68
58
58
47
97
87
95
82
37
25
13
20
64
15
14
1
85
75
72
54
29
29
29
21
9
15
15
15
15
41
101
103
103
103
103
103
103
103
103
102
103
103
98
81
68
42
15
14
1
8
99
103
102
103
103
103
103
102
102
103
101
103
102
102
103
100
103
102
102
103
100
102
101
94
94
101
103
103
102
103
102
102
103
