0
0
0
0
0
0
0
0
0
0
0
0
0
0
0
0
0
0
0
0
0
0
0
0
9
19
26
100
27
1
0
0
0
0
0
0
0
0
0
0
0
0
0
53
46
15
42
103
103
103
103
103
103
103
103
103
103
103
103
94
85
64
88
57
44
39
21
8
0
0
0
0
0
0
0
0
0
0
0
37
103
103
103
103
103
103
103
103
104
103
103
102
97
97
86
64
21
15
4
0
0
0
0
0
1
2
94
56
15
2
0
0
0
0
0
3
93
103
103
103
102
100
97
91
86
86
84
45
29
28
15
15
15
15
61
100
97
97
97
97
98
99
103
103
103
103
103
103
103
103
103
103
103
103
103
103
103
99
97
97
98
97
97
98
98
97
98
98
98
98
98
92
86
86
86
86
86
86
79
69
82
99
76
59
57
44
43
42
41
100
88
55
22
15
89
97
97
97
97
97
98
98
98
98
98
90
74
33
12
97
94
92
94
53
25
15
25
62
20
11
1
86
80
72
40
20
7
1
13
14
12
12
12
12
32
72
72
72
72
72
72
72
72
72
72
72
72
72
72
72
72
72
73
75
74
87
84
77
101
102
102
102
101
101
100
101
101
100
100
99
100
100
68
0
2
2
0
0
24
55
54
46
44
28
0
1
0
2
