0
0
0
0
0
0
0
0
0
0
0
1
1
0
0
0
0
0
0
0
0
0
0
0
11
28
90
27
6
0
0
0
0
0
0
0
0
0
0
0
0
0
48
50
9
37
95
95
96
96
97
98
98
99
100
99
100
99
81
53
42
95
83
52
24
6
0
0
0
0
0
0
0
0
0
0
0
0
32
100
99
99
99
100
100
99
99
74
54
93
102
99
96
96
81
57
57
45
43
26
15
10
0
0
1
89
53
15
4
0
0
0
0
0
1
88
102
103
104
103
101
97
87
72
67
58
49
24
15
15
6
1
1
55
103
103
103
103
103
103
103
103
103
104
104
103
103
103
103
103
103
104
103
103
103
104
104
103
104
104
103
104
103
103
103
103
104
104
104
104
103
104
104
103
104
104
104
104
104
104
104
104
100
98
98
98
98
99
104
99
97
97
98
104
104
100
82
66
58
58
58
58
58
58
58
45
29
30
101
104
78
87
87
35
29
21
3
30
15
15
83
72
97
63
39
43
41
18
22
39
16
13
1
33
101
99
101
101
100
99
100
101
101
100
100
101
101
100
97
83
59
14
7
6
89
102
102
101
100
99
101
101
100
99
101
101
101
100
101
101
101
67
1
3
3
1
1
29
45
46
37
32
21
1
1
1
2
5
