13
19
4
5
3
7
7
3
4
3
4
5
6
4
6
6
4
4
4
5
3
3
2
2
2
4
5
2
3
3
2
2
2
2
3
2
2
3
5
2
2
2
3
2
2
2
2
2
2
2
4
2
2
2
2
2
2
2
3
2
2
3
3
2
2
2
2
2
2
2
2
2
2
29
13
3
2
2
2
2
2
2
3
3
2
3
2
2
2
2
3
3
3
2
2
2
2
3
3
3
2
2
2
3
2
2
3
2
2
17
28
32
29
25
26
23
24
23
20
20
22
23
21
19
19
18
18
18
20
19
17
17
20
20
20
20
18
17
18
19
18
19
18
26
35
55
30
26
29
28
26
29
29
26
25
24
27
29
27
24
30
28
49
17
3
2
2
2
2
3
3
2
4
2
2
2
2
2
3
2
2
2
2
2
2
2
2
2
2
2
2
2
2
2
3
2
2
2
2
3
3
2
7
8
8
6
4
5
5
3
2
2
4
5
6
5
7
3
7
10
7
20
5
5
4
3
3
2
4
7
5
7
7
7
6
7
4
7
49
5
4
8
11
3
6
3
2
2
3
3
6
5
2
6
19
4
6
8
5
6
8
5
8
3
4
3
4
3
7
4
4
4
6
3
3
2
5
8
6
7
9
2
4
4
2
5
4
4
