3
3
3
3
3
6
3
3
4
3
3
4
3
3
3
3
3
3
3
5
3
3
3
3
3
3
3
8
10
3
4
3
3
5
3
3
3
3
3
3
3
3
3
3
3
3
3
3
3
3
3
3
3
3
3
3
3
3
3
3
8
11
8
9
9
9
10
9
10
9
6
3
3
3
3
3
3
3
3
3
3
3
3
3
3
3
3
3
3
5
3
3
3
3
3
3
3
3
3
15
15
3
3
3
3
3
3
3
3
3
3
3
3
3
3
3
3
5
3
3
3
3
3
3
3
3
3
3
3
3
3
3
3
3
3
3
3
3
3
3
3
3
3
3
3
5
3
3
3
3
3
3
3
3
3
3
3
3
3
3
3
3
3
4
5
3
3
3
3
3
3
3
3
4
4
3
3
3
3
3
3
3
3
3
4
4
3
3
3
3
3
3
3
3
3
3
3
3
3
3
3
4
3
3
3
3
3
3
3
3
3
4
3
3
3
4
3
3
4
3
3
4
4
4
3
4
3
7
7
10
3
3
5
11
29
4
4
4
5
4
4
5
4
4
4
4
4
4
4
4
4
4
4
4
4
4
4
7
4
4
4
4
4
4
4
4
4
4
4
4
7
11
12
12
9
11
11
12
11
11
11
11
11
11
11
14
12
11
