2
2
2
2
2
9
11
9
11
9
3
2
2
2
2
2
2
2
2
2
2
2
3
2
2
2
2
2
2
2
2
2
8
12
10
10
10
10
9
10
10
10
10
10
9
10
10
11
10
10
9
10
11
10
11
10
11
9
10
11
10
10
10
9
11
10
10
9
10
8
10
10
9
10
9
8
16
10
10
10
11
9
10
11
10
11
10
11
11
10
12
11
12
11
10
12
11
11
11
11
10
11
12
11
11
11
11
11
11
11
10
11
10
10
11
10
11
11
12
10
11
11
10
11
12
9
11
10
10
10
10
9
10
10
10
11
13
9
11
10
11
10
11
10
11
11
10
11
12
8
8
8
11
10
11
11
9
11
10
11
11
11
9
10
11
10
11
10
11
10
11
11
11
11
10
9
11
10
11
10
11
9
10
11
11
12
10
10
11
10
11
11
11
9
10
11
11
11
11
11
10
10
11
10
11
10
9
11
10
11
10
14
10
10
11
10
11
10
9
10
10
11
11
11
10
10
11
10
12
11
12
3
3
3
3
3
3
3
3
3
3
3
3
3
3
3
3
3
3
3
3
3
3
3
3
3
3
3
3
3
3
3
9
6
3
6
7
5
3
3
3
3
2
3
3
3
3
3
3
2
3
3
3
3
3
3
3
3
