1
0
1
0
1
0
1
0
0
1
0
1
1
1
1
1
1
1
2
2
2
1
2
2
11
1
23
34
3
1
1
1
1
0
0
0
0
0
1
0
0
4
2
22
1
1
29
22
23
26
29
32
33
33
36
34
52
43
41
39
37
32
39
21
12
7
3
2
5
1
1
2
1
1
1
1
1
1
1
24
7
7
7
7
8
8
9
42
42
29
29
28
29
26
22
22
21
19
19
16
27
55
54
18
15
23
31
19
17
17
19
18
17
17
19
20
41
23
22
22
21
21
21
21
38
75
60
18
18
18
18
19
20
19
41
29
27
28
28
29
28
30
28
26
25
25
25
26
24
23
25
22
23
22
22
20
20
20
20
19
17
18
24
21
19
17
17
17
17
18
16
17
17
16
15
15
16
16
14
15
41
25
20
20
19
18
17
15
17
16
9
8
7
15
42
23
27
29
29
31
33
33
32
34
37
35
30
29
32
41
36
83
59
16
12
6
23
6
6
6
6
25
32
14
30
8
6
9
47
27
25
31
37
41
57
46
45
46
52
57
61
76
85
82
77
84
59
67
67
37
35
34
27
48
49
28
13
49
30
38
49
21
41
46
29
24
30
33
23
33
37
27
30
42
34
52
44
32
29
43
37
50
64
53
38
39
41
51
