11
12
11
12
10
12
10
12
11
15
12
12
10
12
11
12
10
12
10
12
11
12
10
12
10
12
11
12
10
12
11
12
11
12
11
12
10
12
11
12
11
12
11
12
11
12
11
12
11
12
11
16
11
12
11
12
11
12
10
12
10
12
11
13
10
13
10
12
10
13
10
12
10
13
11
13
10
12
10
12
10
12
10
12
10
12
11
10
11
12
11
13
11
13
11
13
10
13
10
13
10
11
12
13
10
13
10
13
10
13
11
14
10
13
10
13
13
14
10
12
10
12
12
12
12
12
10
11
10
11
12
11
11
12
12
12
12
12
11
12
11
12
12
11
11
11
12
12
10
11
11
11
11
11
12
11
12
11
12
12
12
11
11
11
12
11
12
11
12
11
12
12
12
11
12
11
11
12
12
11
12
11
12
12
12
11
12
11
11
12
12
11
11
12
12
12
12
12
11
12
11
12
11
13
11
12
11
13
11
12
11
12
11
12
11
9
11
13
11
13
10
12
10
12
11
13
10
13
10
13
10
13
10
13
10
13
10
13
10
13
10
13
10
13
10
13
10
13
10
14
10
13
10
13
10
13
10
13
10
13
10
14
9
14
9
14
9
14
10
14
9
14
10
14
10
14
10
14
9
14
10
13
9
14
9
14
9
14
