2
2
2
2
2
2
2
2
2
2
2
2
2
2
2
2
2
2
2
2
2
2
2
2
2
2
2
2
2
2
2
2
2
2
2
2
2
2
2
2
2
2
2
2
2
2
2
2
2
2
2
2
2
2
2
2
2
2
2
2
2
2
2
1
1
1
1
1
1
2
1
1
1
2
1
1
1
1
1
1
1
1
1
2
1
2
1
1
1
2
1
1
1
1
1
1
1
2
1
2
2
2
2
2
1
1
1
2
2
2
1
1
1
1
1
1
1
1
1
2
1
2
1
1
1
2
1
1
1
1
1
1
1
2
1
2
1
1
1
1
2
6
1
1
1
2
1
1
3
1
1
1
2
2
1
2
1
2
1
1
2
1
1
1
1
1
1
1
1
2
2
1
1
1
1
2
2
1
1
1
1
2
2
1
1
2
2
1
1
1
1
1
1
2
1
2
2
1
1
1
1
2
2
2
2
2
2
2
2
2
2
2
5
2
2
2
2
2
2
2
2
2
2
2
2
2
2
2
2
2
2
2
2
2
2
2
2
2
16
16
21
9
2
2
11
21
15
16
6
2
2
2
2
2
2
2
2
2
2
2
2
2
2
2
2
2
2
2
2
2
2
2
2
2
15
17
14
2
2
2
2
2
2
2
2
2
2
2
