3
3
3
3
3
3
3
3
3
3
2
3
3
3
2
2
3
3
2
3
2
3
3
3
3
3
3
3
3
2
2
3
3
3
3
3
3
3
3
2
3
3
3
3
2
3
3
3
2
3
2
3
2
3
2
2
2
3
3
3
2
3
2
2
2
2
2
2
2
2
2
2
2
2
2
2
2
2
2
2
2
2
2
2
2
2
2
2
3
3
2
3
2
2
2
2
2
2
2
2
2
2
2
2
2
2
3
3
2
2
2
2
2
2
2
2
3
3
3
3
3
3
2
2
2
2
2
2
2
2
2
2
2
2
2
2
2
2
2
2
2
2
2
2
2
2
2
2
4
2
2
3
2
2
2
2
2
2
2
2
2
2
2
2
2
2
2
2
2
2
2
2
2
2
2
2
2
2
2
2
2
2
2
2
2
2
2
2
2
2
2
2
3
2
2
2
2
2
2
2
2
2
2
2
3
2
2
2
2
3
2
2
6
3
2
2
2
2
2
2
2
2
2
2
2
2
2
2
3
2
2
3
3
2
3
2
2
2
20
15
20
9
3
3
13
23
16
20
9
3
3
3
3
2
3
3
3
3
3
3
3
3
3
3
3
3
3
3
3
3
3
3
3
3
18
18
16
3
3
3
3
3
3
3
3
3
3
3
