2
2
2
2
2
2
2
2
2
2
2
2
2
2
2
2
2
2
2
2
2
2
2
2
2
2
2
2
2
2
2
2
2
2
2
2
2
2
2
2
2
2
2
2
2
2
2
2
2
2
2
2
2
2
2
2
2
2
2
2
2
2
2
2
2
2
2
2
2
2
2
2
1
2
2
1
1
2
2
2
2
2
2
2
2
2
2
2
3
2
2
2
2
2
2
2
2
2
2
2
2
2
2
2
2
2
2
2
2
2
2
2
2
2
2
2
2
2
2
2
2
2
2
2
2
2
2
2
2
2
2
2
2
2
2
2
2
2
2
2
2
2
2
2
2
2
2
2
3
2
2
2
2
2
2
2
2
2
2
2
2
1
1
1
1
2
1
1
2
2
2
2
2
1
2
2
2
2
2
1
2
2
1
1
1
1
1
2
1
2
1
2
1
2
2
2
2
1
1
1
1
2
2
2
2
2
2
2
2
2
2
2
5
2
2
2
2
2
2
2
2
2
2
2
2
2
2
2
3
3
2
2
2
2
2
2
2
2
17
15
16
8
2
2
11
21
15
17
7
2
2
2
2
2
2
2
2
2
2
2
2
2
2
2
2
2
2
2
2
2
2
2
2
2
18
15
14
2
2
2
2
2
2
2
2
2
2
2
