1
2
2
7
65
11
2
1
1
1
1
3
1
1
1
2
1
1
2
1
1
2
1
1
1
1
1
2
1
1
2
28
16
36
36
1
1
1
2
29
11
1
2
1
1
2
1
1
1
1
1
2
1
1
2
1
1
2
4
1
4
3
3
5
7
3
5
5
5
10
3
3
4
3
3
4
4
3
4
3
3
4
4
3
4
3
3
23
69
9
4
3
3
12
4
3
3
3
3
4
3
3
4
3
3
4
9
6
4
3
3
29
13
3
4
3
3
4
3
3
3
3
3
4
3
3
4
3
3
4
3
3
3
3
3
4
3
3
4
3
3
4
3
3
3
3
3
4
3
3
4
3
3
4
3
3
3
3
3
4
3
3
4
3
3
4
3
3
3
3
3
4
3
3
4
3
3
4
3
3
3
3
3
34
8
3
4
3
3
4
3
3
3
3
3
4
3
3
4
3
3
4
3
3
3
3
3
4
3
3
5
3
2
4
3
2
3
2
3
4
3
2
4
4
2
4
3
24
9
3
3
35
19
3
5
4
4
4
3
3
3
3
4
4
3
3
4
3
3
4
3
3
3
3
3
4
3
21
4
3
11
13
3
3
4
6
4
3
8
4
5
4
3
3
3
4
4
3
3
24
20
3
10
3
5
5
4
4
