8
14
9
13
9
9
9
13
10
10
10
8
9
13
9
10
10
11
9
10
10
8
12
8
8
13
9
9
11
9
8
9
8
8
11
8
13
13
8
11
10
10
13
9
9
9
9
9
9
14
8
9
10
9
8
9
10
9
8
9
9
14
10
9
9
9
8
9
8
9
12
9
9
13
9
9
8
8
8
8
8
9
9
9
8
14
9
10
9
11
8
8
8
8
9
9
9
12
9
10
9
9
10
14
11
8
8
10
9
30
11
9
9
9
8
8
9
9
12
12
8
13
8
9
9
9
9
8
8
9
9
11
9
13
8
9
9
9
9
8
9
8
9
9
8
12
8
10
9
10
8
8
8
8
8
9
8
13
9
12
10
9
9
9
9
8
12
9
8
14
9
10
8
9
9
8
8
8
8
13
9
13
8
10
9
9
11
9
11
8
10
9
9
17
9
9
11
9
8
9
9
8
10
9
8
13
11
10
9
10
8
8
9
9
9
10
11
12
9
9
9
9
8
8
8
8
9
9
9
14
9
10
8
10
9
10
12
9
9
11
10
13
12
9
8
10
9
8
8
8
9
11
10
14
18
12
9
9
9
9
10
10
10
9
9
14
11
10
10
10
11
8
9
9
8
9
11
13
9
10
9
10
8
9
9
8
9
9
