17
22
17
20
18
14
13
14
16
17
15
13
16
16
16
15
13
13
16
16
15
14
14
14
14
13
13
17
11
7
5
5
6
7
6
9
10
7
6
5
3
5
5
3
3
6
4
4
4
4
4
1
1
1
1
2
1
1
1
1
3
3
3
3
4
5
3
4
4
4
3
2
1
1
1
1
1
2
1
1
1
1
1
1
1
1
1
1
1
2
1
1
1
1
1
1
1
1
1
2
1
1
1
1
1
1
1
1
2
1
1
1
1
1
2
1
1
0
0
0
1
1
1
1
0
0
0
0
5
0
0
0
0
2
0
1
0
0
1
0
0
0
0
2
0
1
1
0
1
0
0
0
0
1
1
0
0
0
0
0
1
1
0
2
0
1
1
0
0
0
0
0
1
1
1
0
0
0
0
1
3
3
3
8
8
3
3
6
3
4
4
6
3
4
4
8
10
8
7
9
8
7
7
11
11
6
14
7
6
6
9
8
9
7
9
9
10
12
14
14
14
17
15
10
12
11
10
9
12
14
11
13
17
20
16
21
21
16
16
14
14
16
14
16
17
14
15
17
15
12
14
18
15
12
11
13
14
15
17
17
17
21
20
17
17
19
23
16
17
15
22
25
23
24
25
26
23
22
24
24
21
23
24
22
20
24
27
27
