3
3
4
3
3
3
3
3
4
6
5
5
5
7
5
4
4
4
4
5
4
3
3
3
3
3
3
3
3
3
3
3
3
3
3
3
3
3
3
3
4
3
3
3
3
3
3
3
3
3
3
3
3
3
3
3
3
3
3
3
3
3
3
3
3
3
3
3
3
3
3
3
3
3
3
3
3
3
4
4
3
3
3
3
3
3
3
3
3
3
3
3
3
3
3
3
3
3
3
3
3
3
3
3
3
3
3
4
3
3
3
3
3
3
3
4
3
4
5
6
6
8
4
5
4
6
4
4
4
5
5
7
5
5
5
8
5
5
6
8
4
5
5
8
5
5
5
8
5
5
5
8
5
5
5
8
5
5
5
8
5
5
5
8
5
5
3
3
3
3
3
3
3
3
3
3
3
4
3
3
3
3
3
4
3
3
3
3
3
3
3
3
3
3
3
4
3
4
3
4
3
3
3
3
3
4
3
4
3
4
3
5
3
3
3
3
3
4
3
4
3
4
3
4
3
4
3
4
3
4
3
4
3
4
3
4
3
15
23
23
3
4
3
6
11
18
21
18
16
19
6
6
3
4
3
4
3
4
3
4
3
4
4
4
3
4
3
4
3
4
3
4
3
4
3
4
3
4
5
10
9
17
5
6
3
6
9
11
