1
1
1
1
1
1
1
1
1
1
1
1
1
1
1
1
1
1
1
1
2
1
1
1
1
1
1
1
1
1
1
1
1
1
1
1
1
1
1
1
1
1
1
1
1
1
1
1
1
1
1
1
1
1
1
1
1
1
1
1
1
1
1
1
1
1
1
1
1
1
1
1
1
1
1
1
1
1
1
1
1
1
1
1
1
1
1
1
1
1
1
1
1
1
1
1
1
1
1
2
1
1
1
1
1
1
1
1
1
1
1
1
1
1
1
1
1
1
1
1
1
2
1
2
1
1
1
1
1
2
1
1
1
1
1
2
1
1
1
1
1
2
1
1
2
2
1
2
1
1
1
2
1
2
1
1
1
2
1
2
1
1
1
1
1
2
1
1
1
1
1
2
1
1
1
1
1
2
1
1
1
1
1
2
1
1
1
1
1
2
1
1
1
1
1
2
1
2
1
1
1
2
1
1
1
2
1
2
1
1
1
2
1
2
1
1
1
1
1
2
1
1
1
1
1
2
1
1
2
2
1
2
1
2
9
9
2
2
2
2
2
2
2
3
2
2
2
2
2
3
2
2
2
2
2
3
2
2
2
2
2
2
2
2
2
2
2
3
6
11
11
11
11
11
11
11
11
11
11
12
11
12
11
11
11
11
11
11
