2
2
2
2
2
2
1
2
2
2
2
2
2
2
2
1
2
2
2
2
1
1
2
2
2
2
2
1
2
2
1
2
2
1
2
2
2
2
2
1
2
2
2
2
2
1
2
2
2
2
2
2
2
2
1
1
2
1
2
2
2
2
2
1
1
1
1
1
1
1
1
1
1
1
1
1
1
1
1
1
1
1
1
1
1
1
1
1
2
2
1
1
1
1
2
1
2
1
2
2
2
2
2
2
1
7
21
53
100
66
58
58
58
58
49
2
3
2
2
1
1
1
1
1
28
91
92
89
22
6
31
65
90
101
75
12
6
7
7
99
58
78
97
75
97
9
4
4
4
4
4
5
4
4
4
4
4
4
4
4
4
4
4
4
4
4
4
4
3
2
2
2
2
2
2
2
2
2
2
2
2
2
2
2
2
3
2
2
2
2
2
2
2
2
2
2
2
3
2
2
2
3
3
3
3
3
3
3
3
3
3
3
3
3
3
3
3
3
3
3
3
3
3
3
3
3
3
3
3
3
3
3
3
4
3
3
3
3
3
3
3
3
3
3
3
4
3
3
3
3
3
3
3
3
3
3
3
3
3
3
3
3
3
3
3
3
3
3
3
3
3
3
3
3
3
3
3
3
3
3
3
3
3
3
3
3
3
3
