96
95
97
96
82
7
1
1
1
9
95
95
95
95
96
96
97
97
21
1
1
1
1
1
1
1
1
1
1
1
1
1
1
1
1
1
1
1
1
1
1
1
1
22
94
95
96
95
97
95
21
0
1
46
57
57
57
56
4
0
1
39
93
97
95
95
93
34
42
85
85
85
85
90
98
53
27
27
27
5
0
0
0
0
0
45
14
88
88
92
90
86
83
44
42
14
0
0
0
0
0
0
1
0
0
0
0
0
0
0
0
0
1
0
0
0
0
0
0
0
0
0
0
0
0
0
0
0
0
1
0
0
0
0
0
0
0
0
0
0
0
0
0
0
0
0
0
0
0
0
0
0
0
0
0
0
0
0
0
1
1
1
0
0
0
0
0
0
0
0
0
0
0
0
0
0
0
0
0
0
0
0
0
0
0
0
0
0
0
0
0
0
0
0
0
0
0
1
2
6
0
0
0
0
0
0
0
0
0
1
85
96
97
98
97
96
34
1
3
94
96
97
96
96
95
56
0
15
97
94
95
97
97
96
13
0
54
96
96
96
96
97
74
0
12
96
96
96
98
96
96
37
0
77
97
96
97
96
98
46
1
1
60
95
96
94
97
95
70
1
52
94
96
95
95
96
72
1
21
94
97
96
97
95
91
17
6
93
