98
97
97
97
56
1
1
1
1
16
96
98
97
97
97
96
97
95
27
1
1
1
1
1
1
1
1
1
1
1
1
1
1
1
1
1
1
1
1
1
1
1
1
22
97
96
96
96
97
95
46
1
1
49
56
56
56
56
8
1
1
42
91
95
95
95
91
38
51
80
79
81
80
85
87
38
27
27
27
15
1
1
1
1
1
25
15
82
84
88
90
88
74
53
42
29
0
1
1
1
1
1
1
1
1
1
1
1
1
1
1
1
1
1
2
1
1
1
1
1
1
1
1
1
1
1
1
1
1
1
1
1
1
1
1
1
1
1
1
1
1
1
1
1
1
1
1
1
1
1
1
1
1
1
1
1
1
1
1
1
1
1
1
1
1
1
1
1
1
1
1
1
1
1
1
1
1
1
1
1
1
1
1
1
1
1
1
1
1
1
1
1
1
1
1
1
1
1
2
7
1
1
1
1
1
1
1
1
1
1
85
95
95
90
93
95
72
12
3
91
95
96
97
97
97
32
1
15
96
97
96
97
97
97
46
1
52
97
96
96
97
97
93
12
12
96
97
96
97
96
97
28
1
76
96
96
95
97
98
87
8
1
60
97
97
97
97
97
71
1
51
97
96
98
96
97
49
1
22
96
96
97
97
97
94
10
6
96
