105
104
104
104
67
4
0
0
0
10
104
104
104
105
104
104
104
104
41
0
0
0
0
0
0
0
0
0
0
0
0
0
0
0
0
0
0
0
0
0
0
0
0
24
104
104
104
105
104
104
27
0
0
25
29
29
79
104
86
86
86
99
104
40
29
53
101
86
86
86
86
63
20
12
33
29
29
29
29
12
0
0
0
0
0
48
20
90
90
94
97
94
58
42
25
6
0
0
0
0
0
0
0
0
0
0
0
0
0
0
0
0
1
1
0
0
0
0
0
0
0
0
0
0
0
0
0
0
0
0
0
0
0
0
0
0
0
0
0
0
0
0
0
0
0
0
0
0
0
0
0
0
0
0
0
0
0
0
0
0
0
0
0
0
0
0
0
0
0
0
0
0
0
0
0
0
0
0
0
0
0
0
0
0
0
0
0
0
0
0
0
0
0
0
0
0
0
0
1
6
0
0
0
0
0
0
0
0
0
1
93
104
104
104
104
104
72
0
3
102
104
104
104
103
103
49
0
16
104
104
104
104
104
100
24
0
57
104
104
104
104
104
70
3
12
104
103
104
104
104
104
40
0
83
104
104
104
104
104
65
0
0
66
104
104
104
104
104
64
0
55
104
104
104
104
104
71
1
23
104
104
104
104
104
88
1
6
103
