102
102
102
102
102
46
1
0
0
12
100
102
102
102
102
102
100
92
49
10
1
1
1
1
1
1
1
0
0
0
0
0
0
0
0
0
0
0
0
1
1
0
0
20
99
98
92
96
95
99
43
1
1
23
26
27
74
102
81
78
78
84
100
67
25
51
88
79
78
77
79
45
26
28
83
84
83
83
83
23
0
0
0
0
0
26
3
82
90
89
92
98
98
52
0
1
0
1
0
0
0
1
1
0
0
0
0
0
0
0
0
0
0
0
0
0
0
0
0
0
0
0
0
0
0
0
0
0
0
0
0
0
0
0
0
0
0
0
0
0
0
0
0
0
0
0
0
0
0
0
0
0
0
0
0
0
0
0
0
0
0
0
0
0
0
0
0
0
0
0
0
0
0
0
0
0
0
0
0
0
0
0
0
0
0
0
0
0
0
0
0
0
0
0
0
0
0
1
1
7
0
0
0
0
0
0
0
0
0
1
82
97
98
98
98
98
60
1
1
91
98
98
99
98
103
46
0
16
102
101
101
101
102
83
6
0
56
101
101
102
103
103
82
1
12
101
101
102
103
103
103
23
0
82
102
102
102
102
101
66
0
0
65
101
102
103
103
103
50
0
50
86
89
88
94
102
86
2
23
88
98
102
103
103
98
0
5
89
