98
98
83
5
1
1
1
1
1
0
0
0
1
1
1
0
0
0
0
0
1
0
0
1
1
0
0
0
0
0
0
0
0
0
0
0
0
0
0
0
0
0
0
1
40
97
98
98
98
97
21
1
4
66
86
87
86
86
43
9
8
13
59
86
85
85
87
68
37
11
10
9
6
12
80
86
85
83
86
85
19
6
1
1
1
28
7
67
95
96
97
97
97
91
36
22
0
0
0
0
0
0
1
0
0
0
0
1
1
0
0
0
0
0
0
0
0
0
0
0
0
1
1
0
0
0
0
0
0
0
1
0
0
0
0
0
0
0
0
0
0
0
0
0
0
0
0
0
0
0
0
0
0
0
0
0
0
0
0
0
0
0
0
0
0
0
0
0
0
0
0
0
0
0
0
0
0
0
0
0
0
0
0
0
0
0
1
0
1
0
0
0
0
0
0
0
0
0
0
0
0
0
0
0
0
0
0
0
0
0
1
46
97
97
97
97
97
91
12
1
1
4
91
97
97
97
97
97
72
1
1
25
96
97
97
96
96
96
41
1
3
88
96
97
96
96
97
85
14
2
85
97
96
96
97
96
87
14
1
80
96
97
96
97
97
74
1
27
98
98
98
98
98
99
40
1
1
76
98
98
99
98
99
79
1
31
99
94
