103
102
47
0
0
0
0
0
0
0
0
0
0
0
0
0
0
0
0
0
0
0
0
0
0
0
0
0
0
0
0
0
0
0
0
0
0
0
0
0
0
0
0
0
76
102
103
103
104
93
8
0
17
46
51
54
55
47
24
23
19
46
53
54
51
52
37
22
26
26
28
24
15
22
20
23
22
23
23
23
17
13
0
0
0
18
6
76
87
86
86
86
43
0
0
0
0
0
0
0
0
0
0
0
0
0
0
0
0
0
0
0
0
0
0
0
0
0
0
0
0
0
0
0
0
0
0
0
0
0
0
0
0
0
0
0
0
0
0
0
0
0
0
0
0
0
0
0
0
0
0
0
0
0
0
0
0
0
0
0
0
0
0
0
0
0
0
0
0
0
0
0
0
0
0
0
0
0
0
0
0
0
0
0
0
0
0
0
0
0
0
0
0
0
0
0
0
0
0
0
0
0
0
0
0
0
0
0
0
0
0
75
103
102
103
103
103
93
4
0
0
25
103
103
102
102
103
102
43
0
0
52
102
102
103
103
102
102
25
1
14
103
103
103
103
103
103
73
1
9
103
102
102
102
104
103
61
0
5
101
102
102
103
104
103
64
0
48
103
103
104
102
103
103
37
0
3
101
103
103
102
103
103
49
0
54
103
102
