102
31
1
1
1
1
1
1
1
1
1
1
1
1
1
1
1
1
1
1
1
1
1
1
1
1
1
1
1
1
1
1
1
1
1
1
1
1
1
1
1
1
1
76
102
102
102
102
82
1
1
17
47
51
54
56
50
25
24
20
47
54
54
51
52
39
24
28
28
30
25
17
24
21
24
23
23
23
23
18
13
0
0
0
15
6
57
58
58
57
58
34
29
13
0
0
0
1
1
1
1
1
1
1
1
2
1
1
1
1
1
1
1
1
1
1
1
1
1
1
1
1
1
1
1
1
1
1
1
1
1
1
1
1
1
1
1
1
1
1
1
1
1
1
1
1
1
1
1
1
1
1
1
1
1
1
1
1
1
1
1
1
1
1
1
1
1
1
1
1
1
1
1
1
1
1
1
1
1
1
1
1
1
1
1
1
1
1
1
1
1
1
1
1
1
1
1
1
1
1
1
1
1
1
1
1
1
1
1
1
73
99
100
100
100
99
74
1
1
1
25
100
100
100
100
100
99
61
1
1
52
100
100
100
100
100
93
13
1
14
100
100
100
100
99
100
87
1
9
100
100
100
100
100
100
54
1
6
99
100
100
103
104
104
63
0
49
104
104
104
104
104
104
26
0
2
101
104
104
104
104
104
68
0
54
104
104
104
