104
105
55
0
0
0
0
0
0
0
0
0
0
0
0
0
0
0
0
0
0
0
0
0
0
0
0
0
0
0
0
0
0
0
0
0
0
0
0
0
0
0
0
0
69
104
104
104
103
99
16
0
9
67
72
72
74
72
25
16
11
35
62
73
72
72
60
42
17
18
18
16
11
23
44
44
44
43
45
23
10
10
0
0
1
15
14
47
58
58
58
58
36
29
6
0
0
0
0
0
0
0
0
0
0
0
1
1
0
0
0
1
1
0
0
0
0
0
0
0
0
0
0
0
0
0
0
0
0
0
0
0
0
0
0
0
0
0
0
0
0
0
0
0
0
0
0
0
0
0
0
0
0
0
0
0
0
0
0
0
0
0
0
0
0
0
0
0
0
0
0
0
0
0
0
0
0
0
0
0
0
0
0
0
0
0
0
0
0
0
0
0
0
0
0
0
0
0
0
0
0
0
0
0
0
0
0
0
0
0
0
75
103
103
104
102
103
92
1
0
0
25
104
103
103
102
101
105
46
0
0
47
103
102
103
103
103
104
32
0
14
103
102
103
103
103
104
76
1
9
103
103
103
103
103
103
65
1
6
102
103
103
103
103
103
80
2
48
103
103
103
103
103
104
30
0
3
100
103
103
103
103
103
67
0
54
103
102
