103
103
102
103
103
61
0
0
0
0
0
0
0
0
0
4
3
0
0
0
0
0
0
0
0
0
0
0
0
0
0
0
0
0
0
0
0
0
0
0
0
0
1
94
102
103
104
103
104
101
44
0
0
54
58
58
58
58
58
30
47
58
58
74
95
72
58
58
58
35
11
14
62
58
58
58
58
15
0
0
0
0
0
27
21
32
35
39
42
42
22
10
10
7
0
0
0
0
0
0
0
0
0
0
1
0
0
0
0
0
0
0
0
0
0
0
0
0
0
0
0
0
0
0
0
0
0
0
0
0
0
0
0
0
0
0
0
0
0
0
0
0
0
0
0
0
0
0
0
0
0
0
0
0
0
0
0
0
0
0
0
0
0
0
0
0
0
0
0
0
0
0
0
0
0
0
0
0
0
0
0
0
0
0
0
0
0
0
0
0
0
0
0
0
0
0
0
0
0
0
0
0
0
0
0
0
0
0
0
11
22
22
22
21
22
19
14
19
13
16
17
21
22
22
17
16
22
17
16
22
21
22
22
14
20
21
22
14
19
22
22
22
18
21
20
18
22
17
21
17
22
22
22
19
15
20
21
21
12
22
18
16
19
22
22
20
21
13
22
21
21
22
22
11
22
21
16
20
19
23
22
22
20
13
22
22
22
22
