104
103
104
103
103
104
104
89
4
1
0
0
0
0
0
0
0
4
3
0
0
0
0
0
0
0
0
0
0
0
0
0
0
0
0
0
0
0
0
0
0
0
0
0
1
68
104
104
104
103
104
104
82
5
1
44
73
87
87
87
87
64
30
29
29
50
103
103
87
87
86
40
17
10
60
58
58
58
58
18
0
0
0
0
0
21
21
68
88
92
92
91
81
41
35
15
0
0
0
0
0
0
0
0
0
0
0
0
0
1
0
0
0
0
0
0
0
0
0
0
0
0
0
0
0
0
0
0
0
0
0
0
0
0
0
0
0
0
0
0
0
0
0
0
0
0
0
0
0
0
0
0
0
0
0
0
0
0
0
0
0
0
0
0
0
0
0
0
0
0
0
0
0
0
0
0
1
0
0
0
0
0
0
0
0
0
0
0
0
0
0
0
0
0
0
0
0
0
0
0
0
0
0
0
0
0
0
0
0
0
0
8
19
20
19
19
20
18
19
12
18
12
19
18
19
19
16
20
19
12
19
16
20
20
20
17
20
20
18
13
19
20
20
17
16
20
20
19
14
17
20
20
18
18
19
18
19
18
14
19
18
13
18
19
19
20
16
17
20
19
19
20
15
20
20
18
16
17
18
20
20
18
20
20
15
19
18
20
