104
104
104
104
71
7
0
0
0
0
0
0
0
0
3
3
0
0
0
0
0
0
0
0
0
0
0
0
0
0
0
0
0
0
0
0
0
0
0
0
0
1
94
104
103
104
103
104
104
55
0
1
80
87
86
86
86
86
52
18
29
29
59
104
103
87
86
79
34
13
20
62
58
58
57
58
7
0
0
0
0
0
38
9
34
35
41
44
44
38
35
26
6
0
0
0
0
0
0
0
0
0
0
0
1
0
0
0
0
0
0
0
0
0
0
0
0
0
0
0
0
0
0
0
0
0
0
0
0
0
0
0
0
0
0
0
0
0
0
0
0
0
0
0
0
0
0
0
0
0
0
0
0
0
0
0
0
0
0
0
0
0
0
0
0
0
0
0
0
0
0
0
0
0
0
0
0
0
0
0
0
0
0
0
0
0
0
0
0
0
0
0
0
0
0
0
0
0
0
0
0
0
0
0
0
0
0
0
11
22
22
22
22
22
18
14
19
13
16
17
21
22
22
16
17
22
17
16
22
22
22
22
13
20
21
22
14
20
22
22
22
18
20
20
19
22
17
21
17
22
22
22
19
16
20
21
21
13
22
19
16
20
22
22
20
21
13
22
22
22
22
22
11
22
21
17
20
19
22
22
22
21
13
21
22
22
22
22
