103
104
104
104
67
0
0
0
0
0
0
0
0
0
3
3
0
0
0
0
0
0
0
0
0
0
0
0
0
0
0
0
0
0
0
0
0
0
0
0
0
1
95
104
104
103
104
103
104
60
0
0
27
74
104
104
104
104
104
91
46
0
36
104
104
104
103
104
76
58
33
33
29
29
29
27
0
0
0
0
0
0
32
15
80
91
94
96
95
78
37
41
6
0
0
0
0
0
0
0
0
0
0
0
0
0
0
1
0
0
0
0
0
0
0
0
0
0
0
0
0
0
0
0
0
0
0
0
0
0
0
0
0
0
0
0
0
0
0
0
0
0
0
0
0
0
0
0
0
0
0
0
0
0
0
0
0
0
0
0
0
0
0
0
0
1
0
0
0
0
0
0
0
0
0
0
0
0
0
0
0
0
0
0
0
0
0
0
0
0
0
0
0
0
0
0
0
0
0
0
0
0
0
0
0
0
0
0
12
22
22
22
22
21
18
14
19
13
16
17
22
22
22
16
16
22
17
16
22
21
22
22
13
20
21
22
14
19
22
22
22
18
20
20
18
22
17
21
17
22
21
21
19
15
20
21
21
12
22
19
16
19
22
22
20
21
13
22
21
22
22
22
11
21
21
17
20
19
22
22
22
20
13
21
22
22
22
21
