58
58
58
58
33
0
0
0
0
0
0
0
0
0
0
3
1
0
0
0
0
0
0
0
0
0
0
0
0
0
0
0
0
0
0
0
0
0
0
0
0
0
0
54
62
62
61
61
61
40
4
4
3
57
61
58
59
61
61
23
4
4
3
9
61
61
62
60
58
57
10
0
8
0
0
1
0
0
1
1
0
0
0
31
9
85
90
94
96
95
82
37
29
6
0
0
0
0
0
0
0
0
0
0
0
0
0
1
0
0
0
0
0
0
0
0
0
0
0
0
0
0
0
0
0
0
0
0
0
0
0
0
0
0
0
0
0
0
0
0
0
0
0
0
0
0
0
0
0
0
0
0
0
0
0
0
0
0
0
0
0
0
0
0
0
0
0
0
0
0
0
0
0
0
0
0
0
0
0
0
0
0
0
0
0
0
0
0
0
0
0
0
0
0
0
0
0
0
0
0
0
0
0
0
0
0
0
0
0
5
10
10
10
10
10
9
7
9
6
8
8
14
10
10
12
7
10
14
7
10
10
10
10
7
9
9
10
7
8
10
10
10
8
9
9
8
10
8
10
8
10
10
10
9
7
9
10
10
5
10
9
7
9
10
10
10
10
6
10
10
10
10
10
5
18
10
8
17
8
10
10
10
9
6
10
10
10
10
