8
9
8
7
9
9
7
9
1
0
5
9
9
9
9
9
8
7
9
7
2
0
8
8
8
8
8
9
9
9
9
9
1
2
8
9
9
9
8
8
8
8
9
8
3
2
8
8
8
8
7
8
6
7
7
8
8
0
0
8
7
7
8
8
7
8
8
8
8
5
0
1
65
104
102
103
104
103
84
20
0
0
0
0
0
5
6
54
58
58
57
58
28
0
0
0
0
0
0
0
0
0
1
0
0
0
0
0
0
0
0
0
0
0
0
0
0
0
0
0
0
0
0
0
0
0
0
0
0
0
0
0
0
0
0
0
0
0
0
0
0
0
0
0
0
0
0
0
0
0
0
0
0
0
0
0
0
0
0
0
0
0
0
0
0
0
0
0
0
0
0
0
0
0
0
0
0
0
0
0
0
0
0
0
0
0
0
0
0
0
0
0
0
0
0
0
0
0
0
0
0
0
0
0
0
0
0
0
0
0
0
1
75
104
103
104
104
104
65
0
0
0
65
104
104
104
104
104
63
0
0
40
104
104
104
104
104
73
1
0
45
103
104
103
104
104
77
1
10
102
104
104
104
104
104
29
1
91
104
104
104
104
104
32
1
86
104
103
104
104
104
42
0
73
104
104
104
104
104
59
4
0
0
0
0
0
0
0
