8
9
9
9
8
9
0
0
7
9
8
8
8
8
8
8
8
8
0
0
8
9
10
9
9
9
9
9
9
8
0
4
9
8
8
8
9
10
10
10
9
8
0
1
34
48
50
51
46
34
22
21
24
26
28
24
25
26
20
29
27
26
25
24
26
24
29
28
27
25
17
21
22
24
23
21
25
23
16
15
0
0
0
10
14
35
35
39
41
42
15
11
13
6
0
0
0
0
0
0
0
0
0
0
0
0
0
0
1
0
0
0
0
0
0
0
0
0
0
0
0
0
0
0
0
0
0
0
0
0
0
0
0
0
0
0
0
0
0
0
0
0
0
0
0
0
0
0
0
0
0
0
0
0
0
0
0
0
0
0
0
0
0
0
0
0
0
0
0
0
0
0
0
0
0
0
0
0
0
0
0
0
0
0
0
0
0
0
0
0
0
0
0
0
0
0
0
0
0
0
0
0
0
0
0
0
0
0
0
2
100
103
104
102
102
95
10
0
0
0
85
104
103
103
104
103
39
0
0
60
103
104
103
104
103
50
0
0
66
102
104
102
103
103
60
0
29
103
103
104
103
104
102
21
8
103
103
104
104
102
101
19
4
103
102
104
102
104
103
33
0
93
103
104
104
104
103
40
0
0
0
0
0
0
0
0
0
0
