9
9
9
9
9
9
9
9
0
0
10
10
9
9
9
9
9
9
9
9
0
1
9
9
11
10
10
9
9
9
9
9
1
5
9
9
9
9
10
10
10
10
9
9
0
2
36
51
51
53
48
36
21
22
24
27
28
24
26
25
20
30
27
28
26
26
27
25
30
28
29
25
16
24
22
24
23
24
24
24
18
15
0
0
0
17
4
43
55
56
56
56
56
56
42
1
2
0
0
0
0
0
1
1
0
0
0
0
0
0
0
0
0
0
0
0
0
0
0
0
0
0
0
0
0
0
0
0
0
0
0
1
0
0
0
0
0
1
1
1
0
0
0
0
0
0
0
0
0
0
0
0
0
0
0
0
0
0
0
0
0
0
0
0
0
0
0
0
0
0
0
0
0
0
0
0
0
0
0
0
0
0
0
0
0
0
0
0
0
0
0
0
0
0
0
0
0
0
0
0
0
0
0
0
0
0
0
0
0
0
0
2
97
103
103
103
103
104
69
0
0
0
85
103
101
101
102
103
66
1
1
61
103
103
99
94
97
79
2
1
61
96
97
97
97
96
67
1
26
95
100
98
97
96
82
33
8
100
99
98
99
96
97
24
4
96
94
97
98
95
97
33
1
85
96
98
97
95
93
66
1
1
1
1
1
1
1
0
