6
4
16
13
7
4
5
9
9
9
7
10
9
5
5
8
4
4
5
7
5
4
4
6
6
4
4
4
5
4
4
4
5
4
4
4
4
5
7
9
5
4
4
9
6
4
4
6
8
10
11
12
5
6
4
4
4
4
4
5
5
4
4
4
4
4
4
4
6
4
7
9
5
5
6
7
6
8
6
6
8
8
5
6
9
9
8
10
9
7
9
6
10
4
6
7
8
6
5
5
5
5
6
5
5
5
6
4
6
5
5
6
5
9
10
8
5
6
5
4
5
5
5
7
9
7
5
4
7
6
7
5
5
4
5
5
7
10
7
4
5
6
6
5
7
5
5
4
5
4
5
5
7
7
7
5
6
6
8
5
6
4
6
4
5
4
5
8
5
4
8
5
6
6
8
4
5
4
6
4
7
9
8
5
5
4
5
6
6
5
5
5
5
4
8
5
5
6
5
5
5
4
6
4
6
5
6
5
5
6
8
6
5
7
5
5
10
5
5
1
1
0
1
0
4
30
48
3
6
10
5
5
6
4
14
9
5
5
8
6
5
5
6
5
9
9
6
7
5
6
9
7
5
5
7
5
5
5
4
5
4
6
5
10
4
5
5
5
5
11
9
7
7
7
6
7
7
7
6
8
10
6
5
6
4
5
4
5
