0
0
0
0
0
0
0
0
0
0
0
0
0
0
0
0
0
0
0
0
0
0
0
0
0
0
0
0
0
0
0
1
0
0
0
0
0
0
0
0
0
0
0
0
0
4
8
8
8
8
7
5
8
8
6
8
7
0
1
7
8
8
8
8
7
7
8
6
8
4
0
0
83
94
94
95
95
95
71
1
0
0
0
0
0
60
13
94
95
95
95
95
95
53
0
0
0
0
0
0
0
0
0
0
0
0
0
0
0
0
0
0
0
0
0
0
0
0
0
0
0
0
0
0
0
0
0
0
0
0
0
0
0
0
0
0
0
0
0
0
0
0
0
0
0
0
0
0
0
0
0
0
0
0
0
0
0
0
0
0
0
0
0
0
0
0
0
0
0
0
0
0
0
0
0
0
0
0
0
0
0
0
0
0
0
1
0
0
0
0
0
0
0
0
0
0
0
0
0
0
0
0
0
0
0
0
0
0
0
0
0
0
87
95
95
95
95
95
39
0
0
0
72
95
95
95
95
95
55
0
0
48
95
95
95
95
95
77
0
0
60
95
95
95
95
95
48
0
26
95
95
95
95
95
95
16
7
95
95
95
95
95
92
12
4
94
95
95
95
95
95
37
0
86
95
95
95
95
95
63
0
0
0
0
0
0
0
0
