9
9
9
9
9
9
1
1
8
10
9
9
9
9
9
9
9
9
1
1
9
9
10
10
10
10
9
9
9
9
1
6
9
9
9
9
10
9
10
10
10
9
1
1
25
36
39
41
34
26
21
27
31
35
35
34
36
34
24
38
36
34
33
31
33
32
35
40
37
36
23
29
26
32
33
30
34
33
22
22
1
1
1
36
15
83
84
87
89
88
79
70
53
9
1
1
1
1
1
1
1
1
1
1
0
0
1
1
1
1
0
0
0
0
0
0
0
0
0
0
0
0
0
0
0
0
0
0
0
1
0
0
0
0
0
0
0
0
0
0
0
0
0
0
0
0
0
0
0
0
0
0
0
0
0
0
0
0
0
0
0
0
0
0
0
0
0
0
0
0
0
0
0
0
0
0
0
0
0
0
0
0
0
0
0
0
0
0
0
0
0
0
0
0
0
0
0
0
0
0
0
0
0
0
0
0
0
0
0
2
52
55
55
55
55
11
1
1
0
0
45
58
54
54
55
9
1
6
1
32
54
54
54
54
20
1
1
1
34
55
54
54
54
14
1
0
15
55
55
54
54
35
1
0
4
55
55
54
54
45
2
0
3
54
55
54
54
45
4
0
0
49
55
55
62
53
11
8
1
1
0
0
0
0
0
0
0
0
