5
5
5
5
5
5
5
1
0
4
5
5
5
5
5
5
5
5
5
1
0
4
5
5
5
5
6
5
5
5
5
1
2
5
5
5
5
5
5
5
5
5
5
1
3
28
31
32
35
34
27
22
18
19
21
22
17
18
21
17
23
22
22
22
21
22
20
23
22
19
19
12
15
23
17
17
16
18
17
12
11
1
1
1
36
15
83
84
86
89
87
80
70
44
9
1
1
1
1
1
1
1
1
1
1
1
1
1
1
2
1
1
1
1
1
1
1
1
1
1
1
1
1
1
1
1
1
1
1
1
1
1
1
1
1
1
0
0
0
0
0
0
0
0
1
1
1
1
1
1
1
1
1
1
1
1
1
1
1
1
1
1
1
1
1
1
0
0
0
0
0
0
0
0
0
0
0
0
0
0
1
1
1
1
1
1
1
1
1
1
1
1
1
1
1
1
1
1
1
1
1
1
1
1
1
0
0
0
0
0
0
0
0
0
0
1
1
1
1
1
1
1
10
1
1
10
1
1
8
1
1
1
1
1
1
1
0
0
0
0
0
0
0
0
0
0
0
0
0
0
0
0
0
0
0
1
1
1
1
1
5
14
1
1
1
1
1
1
1
1
1
1
1
1
1
14
1
1
15
1
0
0
0
0
0
0
1
1
