57
60
59
63
58
60
59
58
58
56
58
58
58
58
59
58
57
54
10
22
5
15
35
29
37
43
25
32
26
29
25
39
56
57
55
58
56
56
57
57
56
57
57
57
57
58
57
57
55
57
56
56
27
3
3
7
26
10
6
7
13
16
22
22
25
30
47
50
49
55
55
57
56
56
56
56
56
57
56
56
56
56
56
56
56
56
55
56
54
44
3
3
2
23
7
9
6
6
8
14
15
18
17
22
22
17
24
21
19
25
22
18
16
27
58
63
60
56
56
57
57
55
56
60
69
57
57
57
57
57
58
57
57
56
27
3
3
13
36
37
40
44
52
52
56
56
57
57
56
57
57
56
56
56
56
55
56
56
56
57
56
55
55
56
56
11
12
10
9
19
10
8
11
17
22
21
26
25
24
30
26
29
27
37
57
57
56
56
56
56
56
56
57
56
57
57
57
55
57
57
57
57
57
57
18
3
4
8
36
34
37
43
49
50
55
58
57
57
57
57
57
57
57
58
58
57
56
57
58
57
56
57
57
58
57
44
4
4
6
21
15
9
9
15
18
23
23
24
25
27
25
22
29
21
38
54
57
57
56
56
56
56
57
55
59
58
58
59
57
58
59
59
58
58
58
38
9
9
25
33
32
36
41
47
53
55
59
58
