0
0
0
0
0
23
2
1
1
1
1
1
0
0
0
0
0
0
0
0
0
0
0
0
0
0
0
0
0
0
0
0
0
1
0
1
1
11
41
25
42
0
0
21
3
4
70
68
0
0
0
0
0
0
0
0
0
0
1
0
0
0
0
0
0
7
12
8
16
0
0
0
3
21
2
31
17
8
12
20
0
0
23
2
29
14
14
14
14
14
4
0
3
26
9
20
17
13
14
14
14
9
0
2
0
1
0
0
0
13
55
0
0
1
0
0
0
23
1
22
36
30
33
0
0
0
0
0
0
0
0
0
0
0
0
0
0
0
0
0
0
0
0
0
0
0
0
0
0
0
0
0
0
0
0
0
0
0
0
0
0
0
0
0
0
0
0
0
0
0
0
0
0
0
0
0
0
0
0
0
0
0
0
0
0
0
0
0
0
0
0
0
0
0
0
0
0
0
0
0
0
0
0
0
0
0
0
0
0
0
0
0
0
0
0
0
0
0
0
0
0
0
0
0
0
0
0
0
0
0
20
0
0
0
0
0
0
0
0
0
0
0
0
0
0
0
0
0
0
0
0
0
0
0
0
0
0
0
0
0
0
0
0
0
0
0
0
0
0
0
0
0
0
0
0
0
0
0
0
0
0
0
0
0
0
0
0
0
