4
5
5
4
5
4
6
4
4
4
5
4
4
4
5
4
4
4
4
4
7
4
4
4
4
4
4
5
5
4
4
4
4
4
4
4
7
9
7
4
5
4
4
4
4
4
4
5
4
5
5
4
4
7
4
4
4
4
4
4
4
5
6
4
5
9
6
4
4
4
4
4
4
4
4
4
5
5
5
8
8
6
4
4
4
4
4
4
5
6
4
4
4
5
4
4
4
4
4
4
4
4
4
4
4
4
4
4
4
4
5
4
6
4
4
4
6
4
4
4
4
5
5
4
4
4
4
4
4
4
4
4
4
5
5
4
4
4
4
4
4
4
4
4
4
4
6
4
4
4
6
7
4
4
4
7
4
5
6
4
4
4
4
4
4
4
4
4
4
5
7
4
7
4
4
4
4
4
5
6
4
4
6
5
4
4
4
4
4
4
4
4
4
4
6
4
4
5
4
4
4
4
6
5
4
4
6
4
4
4
4
6
7
4
6
4
5
4
5
4
4
6
5
5
5
4
4
4
4
4
4
5
4
4
4
4
4
4
5
4
6
6
4
4
4
4
6
8
7
9
8
10
4
4
5
4
4
4
6
8
8
5
6
4
4
4
8
8
6
8
12
15
14
7
6
6
10
12
10
8
7
12
5
3
5
5
6
7
