21
22
22
21
21
21
21
21
21
21
21
21
21
21
21
22
22
21
21
22
21
23
24
22
21
22
21
22
27
21
19
19
18
18
19
19
18
18
18
18
18
18
18
19
19
18
19
19
19
19
19
20
19
19
19
19
19
19
19
19
19
19
19
19
19
18
18
18
18
18
19
18
18
18
18
18
18
18
18
18
19
18
19
19
19
19
19
19
19
21
22
20
20
19
19
19
19
19
19
19
19
19
18
18
18
18
19
18
18
18
18
18
18
18
18
18
18
18
19
18
18
18
18
18
18
18
18
18
18
18
19
19
18
18
18
18
18
18
18
18
18
18
19
18
18
18
18
18
18
18
18
18
18
18
19
18
18
18
18
18
18
18
18
18
18
18
19
18
18
18
18
18
18
18
18
18
18
18
19
18
18
18
18
18
18
18
21
18
19
19
19
18
18
18
18
18
18
18
18
20
20
22
20
20
19
19
19
20
18
19
25
57
55
35
23
20
19
22
23
20
19
19
19
19
24
20
20
24
24
21
22
21
25
21
26
25
25
20
21
32
29
55
51
50
56
30
23
66
62
26
20
21
32
34
22
20
21
26
24
52
65
31
52
60
56
54
25
29
28
36
32
23
29
34
26
63
44
22
22
21
22
39
57
55
52
32
27
48
