5
38
5
4
5
6
5
5
5
5
5
5
5
5
9
6
4
5
7
5
6
6
5
2
9
7
7
8
8
8
7
7
7
7
7
7
7
7
7
7
7
7
7
7
7
6
7
6
6
6
6
6
6
6
6
6
6
6
6
6
6
6
6
6
6
6
6
6
6
6
6
6
6
6
6
6
6
6
6
6
6
6
6
6
6
6
6
6
6
6
6
6
6
6
6
6
6
6
9
6
6
6
6
6
6
6
9
6
6
6
6
6
5
5
5
5
5
5
5
5
5
9
5
5
6
5
5
5
5
5
5
5
5
5
5
5
5
5
5
5
5
5
5
5
5
5
5
5
5
5
5
5
5
5
5
5
5
5
5
5
5
13
12
5
5
5
5
5
5
5
5
4
4
4
4
4
4
4
4
4
4
4
4
4
4
4
4
4
4
4
4
4
4
4
7
4
4
4
4
4
4
4
4
4
4
4
4
4
5
6
5
4
4
3
3
3
3
3
3
3
3
3
4
21
16
33
15
4
3
4
3
3
3
3
6
10
4
7
15
20
5
8
5
4
8
14
3
6
6
6
3
3
3
7
4
4
7
4
6
6
3
2
2
3
3
2
2
3
3
3
2
2
2
2
2
2
2
3
3
4
3
2
3
5
2
3
4
3
