51
40
41
56
50
33
40
48
40
49
41
41
39
42
38
35
36
40
41
59
53
43
41
46
39
38
45
42
40
50
45
48
39
39
36
36
33
34
33
34
34
33
33
33
33
33
34
34
34
34
34
34
33
34
33
33
33
33
33
33
33
34
34
33
33
33
34
34
33
33
33
33
33
34
33
34
33
34
34
34
34
33
34
34
34
34
34
34
33
33
33
34
34
33
33
33
33
33
33
33
33
33
33
33
34
33
33
33
33
33
33
33
33
34
33
33
33
35
33
34
34
34
33
33
33
34
33
33
34
34
34
34
34
33
33
33
34
34
33
34
34
33
34
34
34
34
33
34
33
32
32
32
32
32
32
32
32
32
32
32
32
32
32
32
32
32
32
32
32
32
32
32
32
32
32
32
32
32
32
32
33
33
33
33
33
33
33
34
33
33
33
33
33
33
33
33
33
33
33
33
33
33
33
33
33
43
33
33
34
33
33
33
33
33
33
33
34
33
33
33
33
33
33
33
33
33
33
34
40
39
51
45
34
36
36
37
36
35
35
35
34
42
64
57
50
61
46
34
34
34
34
34
34
34
35
34
34
34
34
34
36
50
38
35
35
35
35
36
37
34
34
34
35
34
34
34
34
34
34
34
34
34
35
34
35
34
34
34
