3
3
3
3
3
3
3
3
3
3
2
2
2
2
2
2
2
2
3
2
2
2
2
5
7
2
2
2
3
2
2
2
2
2
2
2
2
3
2
2
3
2
2
2
2
2
2
3
2
2
2
2
2
2
2
2
3
2
3
2
2
2
2
2
2
2
3
2
2
2
2
2
2
2
2
3
3
2
2
2
2
2
2
2
2
3
2
2
3
2
2
2
2
2
3
2
2
2
4
2
3
2
2
2
3
2
2
2
3
2
2
2
17
30
23
3
4
6
7
7
7
6
6
7
3
2
2
2
2
2
2
2
3
3
2
2
3
2
2
2
2
2
3
2
2
2
2
2
2
2
2
2
3
2
2
2
2
2
2
2
3
3
2
2
2
2
2
2
2
2
2
3
3
2
2
2
2
2
2
2
3
2
2
2
2
2
2
2
2
2
3
2
2
2
2
2
2
2
2
3
2
2
2
2
2
2
2
2
3
3
2
2
2
2
2
2
2
2
3
2
3
2
2
2
2
2
2
2
3
2
2
3
3
2
2
2
2
3
3
2
2
2
2
2
3
2
2
3
2
2
3
2
2
2
2
2
3
3
2
2
2
2
5
2
3
3
3
2
2
2
2
2
2
2
2
3
3
3
2
2
2
2
2
2
2
3
3
2
