4
7
6
6
6
4
6
4
5
6
5
6
4
3
2
3
2
6
4
2
3
5
4
3
5
2
3
4
4
3
5
4
5
5
5
6
3
3
4
2
5
3
2
4
3
2
2
2
1
1
1
1
1
1
1
1
1
1
1
1
1
4
4
4
3
4
4
4
4
4
4
4
3
1
1
1
1
1
1
1
1
1
1
1
1
1
1
1
1
1
1
1
1
1
1
1
1
1
1
1
1
1
1
1
1
1
1
1
1
2
1
1
1
1
1
1
1
1
1
1
1
1
1
1
1
1
1
1
1
1
0
1
1
1
1
1
1
1
1
1
1
1
1
0
1
1
1
1
1
1
1
1
1
1
1
1
1
2
2
1
1
1
1
2
4
1
1
1
1
1
1
1
1
1
1
1
1
1
1
1
1
1
1
3
5
10
10
11
13
20
16
20
17
6
4
4
4
4
4
4
6
6
3
3
4
2
3
5
3
4
4
2
3
3
3
2
3
5
4
7
6
7
8
4
4
8
8
5
6
13
8
6
7
9
11
11
8
10
9
10
10
10
7
6
8
11
10
13
10
10
9
10
9
10
7
8
7
8
7
5
6
5
6
6
7
5
4
5
6
5
5
8
11
11
11
14
15
14
11
9
11
10
10
11
9
11
10
10
