2
2
2
2
2
2
2
2
2
2
2
2
13
2
2
2
2
2
2
2
2
2
2
3
2
2
2
2
2
2
2
2
2
2
2
2
13
2
2
2
2
2
2
2
2
2
2
2
2
2
2
2
2
2
2
2
1
2
2
2
12
2
2
2
2
2
2
2
2
2
2
2
2
2
2
2
2
2
2
2
2
2
2
2
12
2
2
2
2
2
2
2
2
2
2
2
2
2
2
2
3
2
2
2
3
2
1
2
13
2
2
2
1
2
1
2
1
2
1
3
3
2
2
2
1
2
1
2
2
2
1
2
12
2
2
1
2
2
2
1
2
1
2
6
2
2
2
1
2
1
2
1
2
1
2
2
13
2
2
1
2
2
2
1
2
1
1
2
2
2
2
2
1
2
1
2
1
2
1
2
13
2
2
2
1
2
1
2
2
2
1
2
1
1
2
1
2
2
2
1
2
1
2
2
13
2
2
2
2
2
2
2
2
2
2
2
2
2
2
2
2
2
2
2
2
2
2
2
13
2
2
2
2
2
2
2
2
2
2
2
2
2
2
2
2
2
1
2
2
2
1
2
12
2
2
2
2
2
2
1
3
3
4
4
4
3
2
2
2
2
2
2
2
2
2
2
13
2
2
2
2
2
2
2
2
2
2
2
