0
0
0
0
0
0
0
0
0
0
0
0
0
0
0
0
0
0
0
1
0
0
0
0
1
1
0
0
0
0
0
0
0
0
0
0
0
0
0
0
0
0
1
0
0
0
0
0
0
0
0
0
0
0
0
0
0
0
0
0
0
0
0
0
0
0
0
0
0
0
0
0
0
0
0
0
1
0
0
0
1
1
1
1
1
1
1
1
1
1
1
1
1
1
1
1
1
1
1
1
1
1
1
1
2
1
1
0
0
1
0
1
0
0
0
0
0
1
0
0
0
0
0
1
1
1
1
0
2
0
1
1
1
0
0
1
1
1
0
0
0
0
0
1
0
0
1
0
1
1
1
0
0
0
0
1
0
0
0
0
0
0
0
1
0
0
0
0
0
0
0
0
0
0
0
0
0
0
0
0
0
0
0
0
0
0
0
1
0
0
0
0
0
0
0
0
0
0
0
0
0
0
0
0
0
1
0
0
0
1
1
0
1
0
0
1
3
84
100
34
1
1
1
1
1
1
4
1
2
1
5
17
12
14
15
19
21
22
23
13
25
27
27
30
15
1
1
1
2
1
2
1
2
7
11
15
9
15
10
16
7
1
1
3
11
10
12
13
17
16
20
19
21
23
18
12
15
13
22
25
22
28
8
1
1
1
1
1
