13
18
31
30
30
24
24
25
29
26
30
26
28
25
23
23
19
20
18
22
18
20
21
22
23
26
10
8
7
9
8
6
5
5
5
6
4
4
2
2
2
2
2
2
2
2
2
2
5
2
2
2
2
2
2
2
2
2
2
2
2
2
2
2
2
2
2
2
2
2
2
2
2
2
2
2
2
2
2
3
2
2
2
2
2
2
5
2
2
2
2
2
2
2
2
2
2
2
2
2
2
2
2
2
2
2
2
2
2
4
2
2
2
2
2
2
2
2
2
4
2
5
2
2
5
2
2
2
2
2
2
3
2
3
3
2
2
2
2
2
2
2
2
2
2
2
2
2
2
2
2
2
3
2
2
2
2
2
2
2
2
2
2
2
2
2
2
2
2
2
2
2
2
2
2
2
2
2
3
2
2
2
2
2
2
2
2
3
2
2
2
3
3
3
6
4
3
3
3
5
7
4
5
5
5
5
5
5
5
6
7
22
33
33
27
24
21
38
30
30
24
20
20
25
26
23
26
24
21
23
17
17
17
21
21
21
15
18
14
15
17
17
17
16
17
15
18
19
15
14
16
15
14
15
13
14
13
14
13
13
12
13
14
13
14
12
12
13
13
11
14
17
15
15
13
13
12
22
19
20
19
18
12
16
15
14
16
15
