3
3
3
3
3
3
3
4
3
3
3
3
3
3
3
3
3
3
3
4
3
3
3
3
3
3
3
3
3
3
3
3
3
3
3
3
3
3
3
3
3
3
3
3
3
3
3
3
3
3
3
3
3
3
3
3
3
3
3
3
3
3
3
3
3
3
3
3
3
3
3
3
3
3
12
4
3
3
3
4
3
3
3
3
3
3
3
3
3
3
3
3
3
3
3
3
3
3
3
3
3
3
3
3
3
3
3
3
5
3
9
4
3
3
3
4
3
3
3
3
3
3
8
4
3
3
3
4
3
3
3
3
3
3
4
4
3
3
3
4
3
3
3
3
5
3
4
4
4
3
3
4
3
3
3
3
3
3
4
4
3
3
3
4
3
3
3
3
3
3
4
4
3
3
3
4
3
3
3
3
3
3
4
4
3
3
3
4
3
3
3
3
3
3
4
3
3
3
3
4
3
3
3
3
3
3
3
3
3
3
3
4
3
3
3
3
3
3
4
3
3
3
3
4
3
3
3
3
3
3
3
3
3
3
3
4
3
3
3
3
3
3
4
3
3
3
3
4
3
3
3
3
3
3
4
3
3
3
3
4
3
3
3
3
3
3
3
3
3
3
3
4
3
3
3
3
3
3
3
4
3
3
3
4
3
3
3
3
