2
3
2
2
2
2
2
2
2
2
2
2
2
2
2
2
2
2
2
2
2
2
2
2
2
2
2
2
2
2
2
2
2
2
2
2
2
2
2
2
2
2
2
2
2
2
2
2
2
2
2
2
2
2
2
2
2
2
2
2
2
2
2
2
2
2
2
2
2
2
2
2
11
6
2
2
2
2
2
2
2
2
2
2
2
2
2
2
2
2
2
2
2
2
2
2
3
2
2
2
2
2
2
2
2
2
2
2
2
2
2
2
2
2
7
13
13
13
13
14
14
13
14
14
14
14
13
14
13
12
12
13
14
13
13
14
13
13
13
13
13
13
13
14
15
14
14
13
14
14
13
14
12
12
13
12
11
11
10
7
2
2
3
3
8
3
2
4
5
4
2
4
3
3
3
6
6
5
4
6
4
2
3
6
5
3
5
5
4
4
2
4
5
3
2
2
2
3
3
2
2
2
2
2
3
2
2
2
2
3
2
2
2
2
2
2
2
2
2
2
2
2
2
2
3
8
7
4
3
3
2
3
2
2
2
4
6
4
5
2
2
4
3
2
5
2
2
4
5
2
4
3
4
3
4
5
4
3
6
2
3
4
2
3
7
7
4
3
3
3
7
3
3
5
3
3
3
4
3
3
3
2
3
3
3
4
6
4
