2
1
1
2
1
2
1
1
1
1
2
2
2
1
2
2
1
2
1
1
1
2
1
2
2
2
1
2
2
3
1
1
2
1
1
2
1
2
1
2
2
2
2
2
2
2
2
2
2
2
2
2
1
2
2
2
2
2
2
2
2
2
2
2
1
2
2
2
2
2
2
2
1
1
1
2
3
3
2
2
1
1
1
2
2
1
2
2
1
2
2
1
2
2
2
2
2
1
2
2
2
2
2
1
2
1
1
1
1
1
1
2
2
3
2
2
4
2
2
4
2
2
4
2
2
19
33
29
31
30
30
27
28
30
16
19
17
17
19
22
20
25
24
27
22
29
28
26
33
30
22
8
1
3
6
2
4
9
2
3
8
2
3
6
4
2
1
1
1
1
1
2
1
1
2
1
1
1
1
1
1
1
1
2
1
2
2
1
1
1
1
1
1
1
1
2
1
1
1
1
1
1
1
2
1
1
1
2
1
1
1
1
2
2
2
2
2
2
1
2
2
2
2
1
1
1
1
2
2
1
1
2
1
1
1
1
1
2
1
2
2
1
1
2
2
2
1
1
1
2
1
2
2
2
2
2
2
2
2
2
2
2
2
2
2
1
1
2
1
2
2
1
1
2
2
2
2
1
2
2
1
1
1
1
1
2
1
1
