20
23
26
23
25
25
22
21
25
25
25
23
22
19
22
28
24
19
23
20
20
19
24
28
23
21
21
23
22
18
21
21
22
23
25
26
31
24
24
21
21
20
22
20
20
17
20
21
23
23
23
21
23
23
20
25
33
25
23
25
28
27
26
20
22
17
13
15
18
30
26
18
33
24
29
23
24
20
24
20
23
18
18
15
24
21
17
14
16
12
15
15
18
21
13
15
13
19
17
18
19
15
18
14
13
11
17
20
17
16
21
15
13
14
16
17
13
12
12
15
12
13
11
11
13
10
11
16
14
14
11
10
11
11
13
10
10
10
12
15
10
12
11
10
11
12
9
10
10
10
9
11
9
10
12
11
12
10
11
10
13
11
9
10
9
9
9
9
9
10
10
10
9
8
9
11
13
10
12
10
10
10
10
9
12
11
15
12
11
15
12
12
13
15
11
12
12
11
14
16
14
13
15
18
13
11
15
16
13
16
23
20
14
18
16
17
16
18
16
17
18
22
19
18
16
19
23
22
30
29
27
22
28
27
27
23
26
29
25
23
16
19
23
22
23
24
26
28
26
26
26
26
24
22
20
26
28
23
25
32
30
27
29
24
32
28
29
28
26
23
27
23
28
28
24
20
23
24
25
23
24
19
23
24
23
24
29
28
