2
2
2
2
3
2
2
1
2
2
2
1
2
1
2
2
3
2
1
1
1
2
2
3
6
8
3
2
3
2
1
2
1
1
1
13
12
2
2
2
2
2
2
2
2
2
2
2
2
2
1
2
2
2
1
2
1
2
2
2
2
2
1
2
2
2
2
2
2
1
1
1
2
2
5
8
8
9
4
2
2
2
2
2
2
2
2
4
4
3
2
2
2
2
2
2
2
2
2
3
2
4
2
2
2
2
2
2
2
2
2
3
2
3
2
2
2
2
2
2
2
2
2
3
2
3
2
2
2
2
2
2
2
2
2
3
2
3
2
2
2
2
2
2
2
2
2
2
2
3
2
2
2
2
2
2
2
2
2
2
2
3
2
2
2
2
2
2
2
2
2
2
2
3
2
2
2
2
2
2
2
2
2
2
2
3
2
2
2
2
2
2
2
2
2
3
2
3
2
2
2
2
2
2
2
2
2
3
2
3
2
2
2
2
2
2
3
2
2
2
2
3
2
2
2
2
2
2
2
2
2
3
2
3
2
2
2
2
2
2
2
2
2
3
2
4
2
2
2
2
2
2
2
2
2
3
2
3
2
2
2
2
2
2
2
2
2
3
2
4
3
2
2
2
2
2
2
2
3
3
2
4
2
2
2
2
2
2
