2
2
2
2
2
2
2
2
2
2
2
2
2
2
2
2
3
2
2
2
2
2
2
2
2
2
2
8
4
2
2
2
2
2
2
2
2
2
2
2
2
2
2
2
2
2
2
2
2
2
2
2
7
46
58
53
47
16
5
77
20
2
2
2
7
88
80
48
13
2
2
2
2
2
2
2
7
46
2
2
2
2
6
74
3
2
2
2
7
65
23
32
15
2
5
36
28
2
2
2
3
26
27
29
37
42
48
68
48
52
47
29
43
89
90
69
87
102
88
85
89
78
88
102
92
101
95
83
85
84
71
78
61
57
61
70
73
55
80
97
77
71
60
73
56
57
48
51
48
41
36
46
54
58
56
59
55
60
61
55
56
53
67
54
53
44
38
39
45
27
31
31
40
32
44
55
35
43
46
45
45
44
53
32
26
33
40
60
54
58
51
52
66
55
56
57
61
56
56
47
39
41
46
27
27
31
39
34
43
50
47
43
50
48
45
52
53
28
30
40
60
57
53
65
55
61
56
57
57
58
61
58
50
41
39
46
38
27
30
24
27
36
42
52
56
24
34
24
2
2
2
2
2
2
2
2
2
2
2
2
2
2
2
2
2
2
2
2
2
2
2
2
2
2
2
2
2
2
2
2
2
2
2
2
2
2
2
2
