48
46
48
45
49
48
46
48
45
47
44
47
44
47
48
48
43
44
47
43
44
45
45
52
46
50
51
56
51
47
46
45
47
43
43
48
44
47
45
47
47
44
45
45
48
46
44
49
42
43
45
47
44
47
44
44
46
46
45
47
44
43
48
46
44
44
43
46
48
49
46
50
51
52
53
51
52
45
44
45
45
49
46
49
46
44
48
52
52
46
44
49
48
48
44
48
43
47
50
54
50
54
51
48
48
49
48
49
48
48
48
49
48
50
48
50
48
48
50
48
48
49
56
56
48
50
51
53
46
40
42
41
42
42
45
46
46
51
46
42
42
42
41
41
41
40
41
41
40
41
41
42
42
41
41
42
41
42
40
41
41
41
41
40
40
41
41
41
40
40
40
42
42
40
41
40
41
42
40
40
46
41
40
41
40
41
41
42
41
43
41
42
41
42
41
44
41
41
44
40
41
42
41
42
40
40
41
42
41
40
42
45
41
44
40
45
51
57
55
52
53
52
56
49
44
48
48
47
46
41
42
42
41
42
41
44
41
42
48
49
50
42
41
49
48
50
49
54
49
52
49
55
55
52
49
51
51
55
55
49
51
50
56
56
55
54
56
56
56
56
54
53
53
55
56
59
56
56
56
51
49
50
49
48
49
49
49
50
