0
0
0
0
2
16
3
17
3
0
2
18
0
0
0
0
2
17
0
0
0
0
2
17
0
0
0
0
2
18
0
0
0
0
2
19
0
0
0
0
2
17
0
0
0
0
2
18
0
0
0
0
2
20
0
0
0
0
2
18
0
0
0
0
2
18
0
0
0
0
2
17
0
0
0
0
2
16
0
0
0
0
2
16
0
0
0
0
2
16
0
0
0
0
2
17
0
0
0
0
2
17
0
0
0
0
2
17
0
0
0
0
2
17
0
0
0
0
2
16
0
0
0
0
2
17
0
0
0
0
2
16
0
0
0
0
2
15
0
0
1
0
2
17
0
0
0
0
2
18
0
0
0
0
2
17
0
0
0
0
2
17
0
0
0
0
2
17
0
0
0
0
2
17
0
0
0
0
2
16
0
0
0
0
2
15
0
0
0
0
2
15
0
0
0
0
2
15
0
0
0
0
2
15
0
0
0
0
2
16
0
0
0
0
2
16
0
0
0
0
2
15
0
0
0
0
2
15
1
0
1
0
2
15
0
0
0
0
3
16
0
0
0
0
2
16
0
0
0
0
3
17
0
0
0
0
2
16
3
7
11
0
2
16
0
0
0
0
2
15
1
0
1
0
2
18
0
0
0
0
2
17
0
0
0
0
2
17
