9
12
13
13
14
12
13
19
11
17
18
19
19
19
18
19
18
19
19
19
19
21
20
18
17
21
20
20
18
22
22
20
20
20
20
19
19
19
18
14
20
17
8
10
18
19
19
20
22
22
21
22
22
22
21
24
23
24
22
19
10
5
1
1
1
1
1
1
1
1
1
1
1
1
1
1
1
1
1
1
1
1
1
1
1
1
2
1
1
1
1
1
1
1
1
1
1
1
1
1
7
14
11
16
9
1
1
1
1
1
1
1
5
8
8
8
8
8
8
7
7
7
7
8
9
8
8
7
7
8
8
9
8
8
9
8
11
8
8
7
7
8
8
8
8
7
7
8
8
8
8
8
8
7
7
7
7
7
7
7
8
8
8
8
7
7
8
8
7
8
8
8
9
8
8
7
7
8
8
7
7
8
7
8
8
8
7
8
8
8
8
7
8
7
8
8
7
7
8
8
7
7
8
8
8
8
8
6
6
8
8
7
8
8
7
8
7
7
7
8
7
7
7
7
7
7
6
10
9
10
9
9
9
10
10
10
10
11
10
10
9
10
10
9
10
9
9
8
9
10
9
8
9
9
9
9
10
9
10
10
10
10
10
10
9
9
10
10
9
10
10
10
10
9
9
9
9
9
9
10
9
9
10
9
10
10
9
10
