8
8
8
8
9
11
9
9
9
10
10
8
9
9
8
8
8
9
9
8
8
9
8
8
9
8
12
11
9
10
8
8
8
8
8
8
8
8
8
8
9
9
8
8
8
9
8
8
8
8
8
8
8
10
8
8
8
8
8
8
8
8
8
8
8
9
8
9
8
9
8
8
8
8
8
8
9
10
8
8
8
8
8
8
8
8
8
8
9
10
8
8
8
9
8
8
8
8
8
8
10
10
8
8
9
8
8
8
8
9
8
8
9
10
10
8
8
9
8
8
8
8
8
8
9
9
9
8
8
8
8
8
8
9
8
8
8
8
9
8
8
9
8
8
8
9
9
8
9
10
8
8
8
9
8
8
8
9
8
8
9
10
9
8
9
9
8
9
9
8
8
9
9
10
9
9
9
9
9
9
8
11
9
8
9
10
9
8
8
9
9
8
8
9
8
9
9
10
9
9
8
9
9
8
8
9
9
8
9
10
9
9
9
9
9
8
9
9
9
9
9
10
9
9
9
9
9
9
9
9
9
9
9
9
9
8
9
9
9
16
13
11
9
12
18
11
9
10
10
9
9
9
9
9
9
9
9
11
10
10
9
10
16
16
12
10
9
13
11
11
10
9
10
9
9
9
9
10
10
12
9
11
9
10
10
10
9
10
