3
3
3
3
3
3
4
3
3
3
3
3
3
4
3
4
3
3
3
3
3
3
3
2
3
2
3
2
3
2
2
3
2
3
2
3
2
3
2
3
2
2
3
2
3
2
3
2
3
2
2
3
2
3
2
3
2
3
2
2
3
2
3
2
3
2
3
2
3
2
2
3
2
3
2
3
2
3
2
2
3
2
3
2
3
2
3
2
2
3
2
3
2
3
2
11
12
2
3
2
3
3
3
2
2
3
2
3
2
3
2
3
2
2
3
2
3
2
3
2
3
2
2
3
2
3
2
3
2
3
2
2
3
2
3
2
3
2
3
2
3
2
2
3
2
3
2
3
2
3
2
2
3
2
3
2
3
2
3
2
2
3
2
3
2
3
2
3
2
3
2
2
3
2
3
2
3
2
3
2
2
3
2
3
2
3
2
3
2
2
3
2
3
2
3
2
3
2
3
2
2
3
2
3
2
3
2
3
2
2
3
2
3
2
3
2
3
2
2
3
2
3
2
3
2
3
2
2
3
2
3
2
3
2
3
2
3
2
2
3
2
3
2
3
2
3
2
2
3
2
3
2
3
2
3
2
2
3
2
3
2
3
2
3
5
7
3
2
3
2
3
2
2
3
2
3
2
3
2
3
2
2
3
2
3
2
3
2
