6
7
6
7
5
5
6
8
8
6
6
6
6
10
6
8
5
6
6
7
6
6
6
6
7
6
6
6
6
5
7
6
6
6
6
6
6
6
6
7
6
6
6
6
6
12
6
6
6
6
9
6
5
5
5
5
5
5
5
5
6
10
5
5
5
5
5
5
5
5
5
5
6
10
8
8
4
4
4
4
4
4
4
5
4
5
5
5
4
4
4
4
4
4
5
4
4
5
4
5
4
4
4
4
4
4
5
4
4
5
4
5
4
4
4
4
4
5
4
4
4
4
4
4
4
4
4
4
5
4
4
4
4
5
4
5
4
4
4
4
6
4
4
4
4
5
4
5
4
5
5
4
4
4
4
4
4
4
4
4
4
4
4
4
4
4
4
4
4
4
5
4
4
4
4
4
4
4
4
4
4
5
4
4
4
4
4
4
4
4
4
4
4
5
4
4
4
4
4
4
4
4
4
4
4
5
4
5
4
4
4
5
5
4
5
8
6
7
6
6
6
7
6
6
6
31
6
6
6
10
6
7
6
6
6
6
6
6
6
6
6
6
6
6
6
6
6
7
7
7
6
6
6
6
6
6
6
7
6
6
6
6
6
6
6
10
6
7
6
8
6
6
6
6
6
6
6
6
6
6
5
6
5
5
5
5
5
5
