1
1
1
1
1
0
1
1
1
0
0
0
0
0
0
0
0
1
1
1
1
1
1
1
1
1
1
1
1
1
1
1
1
1
1
1
1
1
1
1
1
1
1
1
1
1
1
0
0
1
1
1
0
1
1
1
1
1
1
1
0
0
1
0
1
0
0
1
0
0
0
0
0
1
1
0
1
0
0
0
0
0
0
0
0
0
1
0
0
3
1
1
1
1
1
1
1
1
1
1
1
1
1
1
1
1
1
1
1
1
1
1
1
1
1
1
1
1
1
1
1
1
1
1
1
1
1
1
1
1
0
1
1
1
1
1
1
1
1
1
1
0
0
1
0
1
1
1
1
1
1
0
1
1
1
1
0
1
1
1
0
1
0
1
0
1
0
0
1
1
1
0
1
0
0
0
0
0
0
1
0
0
1
0
1
0
0
1
0
0
0
1
0
0
1
0
0
0
1
0
0
0
0
1
0
1
1
0
0
0
1
0
0
0
0
0
0
1
0
0
1
0
0
0
1
0
0
0
0
0
1
1
1
0
0
0
0
1
0
0
0
0
1
1
0
2
1
10
28
35
1
1
1
1
1
16
63
16
1
46
44
8
1
1
22
22
1
1
0
0
0
1
0
1
1
1
0
1
1
1
1
1
1
1
1
1
1
1
