0
0
0
0
0
0
0
0
0
52
102
102
102
103
103
103
103
103
103
103
103
103
103
103
103
103
103
102
103
103
103
103
103
103
104
103
103
103
103
104
103
103
104
103
103
104
103
104
103
103
103
104
103
104
104
103
103
104
103
103
103
103
103
103
103
103
102
103
104
103
103
103
91
75
72
72
72
72
56
38
29
29
29
29
29
29
29
29
29
29
29
29
29
29
29
29
29
29
29
29
20
15
15
15
15
4
0
0
0
0
0
0
0
0
0
0
0
0
0
0
0
0
0
0
0
0
0
0
0
0
0
0
0
0
0
0
0
0
0
0
0
0
0
0
0
0
0
0
0
0
0
0
0
0
0
0
0
1
0
0
0
0
0
0
0
0
0
0
0
0
0
0
0
0
0
0
0
0
0
0
0
0
0
0
0
0
0
0
0
0
0
0
0
0
0
0
0
0
0
0
0
0
0
0
0
0
0
0
0
0
0
0
0
0
0
0
0
0
0
0
0
0
0
0
0
0
0
0
0
0
0
0
0
0
0
0
0
0
0
0
0
0
0
0
0
0
0
0
0
0
0
0
0
0
0
0
0
0
0
0
0
0
0
0
0
0
0
0
0
0
0
0
0
0
0
0
0
0
0
0
0
0
0
0
0
0
0
0
