6
3
3
3
4
4
3
2
2
4
2
12
4
3
17
10
5
6
6
6
6
5
5
8
5
6
5
5
5
5
5
6
6
6
5
7
5
5
4
6
6
4
5
7
5
4
4
6
6
4
4
4
5
6
4
4
4
6
4
4
4
4
7
8
4
4
4
4
6
4
4
6
4
4
4
4
4
4
4
7
8
6
11
5
5
4
4
5
5
6
8
5
7
4
4
4
4
6
8
5
7
4
4
6
4
5
7
4
4
5
4
4
4
5
4
5
4
6
5
4
4
4
4
6
4
4
4
7
6
4
6
5
5
5
4
4
4
4
9
6
4
8
4
4
7
9
6
8
5
4
6
6
6
4
6
4
4
4
5
5
5
4
6
5
4
6
5
4
4
4
6
6
4
4
4
4
4
4
4
7
7
6
5
4
5
5
7
5
4
4
6
4
4
4
5
5
5
4
6
8
4
5
9
4
8
5
4
4
4
4
6
4
4
4
4
4
4
4
4
7
4
4
4
6
7
5
4
5
4
6
9
8
5
8
4
10
10
9
6
5
4
6
6
5
4
4
7
5
8
5
5
4
4
6
4
7
7
4
4
6
8
5
6
4
4
4
4
7
5
6
5
4
5
4
5
4
5
4
6
7
4
4
4
4
6
4
5
4
