6
9
6
11
4
10
8
8
8
5
2
3
2
3
2
2
3
4
3
3
3
5
2
2
2
2
2
2
3
2
2
2
3
2
2
2
3
2
2
2
3
2
3
3
3
5
2
2
2
2
2
2
2
2
2
2
2
3
2
2
2
2
2
2
2
3
4
2
4
2
2
2
2
2
2
2
13
11
3
2
3
5
2
2
2
2
2
2
2
2
2
2
2
2
2
2
2
2
2
2
3
2
3
2
3
2
3
2
2
2
2
2
9
28
26
26
19
20
23
22
21
25
25
19
21
22
22
21
18
18
18
19
19
20
19
18
20
21
20
22
21
20
20
20
20
26
40
35
27
27
28
28
27
30
27
29
25
26
28
27
28
25
28
24
40
26
2
2
2
2
2
2
3
2
2
2
4
2
2
2
2
2
2
2
2
2
2
2
3
2
2
2
2
2
2
2
2
2
2
2
2
2
2
3
2
2
2
2
2
2
2
2
4
2
2
2
4
4
4
4
7
4
9
4
4
5
2
2
3
4
4
7
4
4
2
2
3
6
4
4
3
2
2
2
2
2
3
4
5
3
2
2
2
3
4
5
6
8
4
3
5
7
6
4
9
5
4
5
4
4
5
3
3
5
4
2
3
2
2
3
5
3
3
4
8
6
5
3
