5
6
5
5
8
5
5
5
5
5
5
5
5
14
39
45
49
48
46
58
64
65
66
67
71
64
63
66
63
63
71
63
68
61
66
67
63
65
70
65
70
60
68
69
63
69
65
61
70
64
67
68
67
63
70
61
69
72
67
60
66
62
68
64
70
62
73
66
70
63
69
70
61
68
65
65
63
72
70
65
70
67
68
70
64
66
69
64
75
64
73
63
74
68
56
58
58
57
58
58
58
58
58
58
58
57
57
57
58
58
58
58
58
58
58
58
58
58
57
58
58
58
58
58
58
58
58
58
58
58
59
58
58
57
57
58
58
57
58
57
58
58
58
58
59
59
57
58
58
58
60
60
58
58
58
58
58
62
68
68
64
66
69
69
66
63
66
57
58
58
58
58
58
58
58
58
57
58
58
57
58
58
58
57
57
58
58
58
57
57
57
58
57
58
57
58
58
58
58
58
58
58
58
58
58
58
57
58
58
57
58
58
57
58
58
57
57
57
57
58
58
57
56
55
56
56
56
50
35
32
31
31
31
31
31
31
31
31
31
31
31
31
31
31
31
32
32
32
32
30
30
32
31
31
31
31
30
30
32
31
30
31
29
15
5
5
5
6
6
5
5
6
7
5
6
7
6
6
4
4
6
5
4
5
7
7
4
5
