3
3
2
4
3
3
3
3
3
3
3
3
3
4
3
3
4
4
3
3
2
3
3
3
3
3
4
3
4
3
3
3
3
3
3
3
3
3
3
3
3
3
3
3
3
3
3
3
3
3
3
3
3
4
3
4
3
3
3
3
3
4
3
4
4
4
3
5
3
3
3
3
3
3
3
3
13
20
3
3
3
3
3
3
4
3
3
4
3
4
3
3
3
3
3
3
3
3
3
3
4
4
3
3
3
3
3
3
3
3
3
3
3
3
3
3
3
3
3
3
3
3
3
3
3
3
4
3
3
4
3
3
3
3
3
3
3
3
3
3
3
3
3
3
3
4
3
4
3
3
3
3
3
3
3
3
3
4
3
3
3
3
3
3
2
3
3
3
3
3
3
3
3
3
3
2
3
2
3
2
3
3
3
3
3
3
3
2
3
2
3
3
3
3
2
3
3
3
3
3
2
3
2
2
3
4
2
3
3
3
2
2
3
2
4
2
3
4
2
3
3
2
3
2
3
3
3
3
3
2
4
3
3
2
2
3
3
2
2
3
3
3
3
4
5
3
2
3
4
4
4
4
4
6
9
6
3
3
3
3
3
3
3
3
4
4
3
3
4
4
3
2
3
3
4
3
3
3
3
3
2
3
3
3
4
4
4
3
