2
2
2
2
3
2
2
2
2
2
2
2
2
2
2
2
2
2
2
5
22
19
13
13
13
13
13
13
13
14
13
14
17
14
13
16
16
13
13
13
13
13
13
13
13
13
13
13
13
13
13
13
13
13
13
13
13
13
13
13
13
13
13
13
14
14
14
14
14
14
14
14
14
14
14
18
45
41
36
15
14
15
14
15
14
14
14
14
15
15
14
14
15
14
14
14
14
15
14
16
15
14
14
14
14
14
14
14
14
14
14
15
14
14
13
13
13
13
12
13
16
17
17
15
14
15
16
14
14
15
15
15
15
16
14
14
25
20
22
19
20
18
19
19
18
19
19
18
23
20
21
22
21
19
18
18
22
18
21
19
19
19
19
23
14
13
13
13
13
13
13
14
13
13
13
13
13
13
13
13
14
13
13
14
13
13
13
13
13
13
13
13
13
13
13
14
14
13
13
13
13
13
14
13
14
14
14
15
18
14
14
13
13
13
13
14
13
15
16
14
13
13
13
13
13
13
14
13
13
13
14
14
14
17
15
13
13
13
13
13
13
14
17
15
14
13
13
13
13
13
13
13
13
13
13
14
14
14
17
14
14
13
13
13
13
14
14
14
14
14
13
14
17
14
14
14
15
13
13
14
13
13
13
13
13
13
13
13
