1
2
2
2
2
2
2
2
2
2
2
2
2
2
2
1
1
1
1
2
2
2
2
2
2
2
2
2
2
2
2
2
8
2
2
2
8
2
2
2
2
2
2
2
2
2
2
2
2
2
2
2
2
2
2
2
2
2
2
2
2
2
2
2
2
2
2
2
2
2
2
2
2
2
2
2
2
2
2
2
2
2
2
2
2
2
2
2
2
2
2
2
2
2
2
2
2
2
2
2
2
2
2
2
1
1
1
1
1
1
1
1
2
1
1
1
1
1
1
1
2
2
2
2
2
1
1
1
1
1
1
1
1
1
2
1
1
1
1
1
1
2
1
1
1
2
2
1
1
1
1
2
2
1
1
1
1
1
2
1
1
1
1
1
1
1
1
1
1
1
2
1
1
1
1
1
2
1
1
2
1
1
2
1
1
1
1
1
1
2
2
2
2
2
2
1
2
1
1
1
1
1
1
1
1
1
2
1
8
1
1
1
1
1
1
1
1
1
9
1
1
1
1
1
1
1
1
1
1
1
2
1
1
6
4
1
1
1
1
1
1
1
8
1
1
1
1
1
1
1
1
1
1
1
2
1
1
1
8
1
1
1
1
1
1
1
2
2
2
1
1
1
8
1
1
1
1
1
2
1
1
1
1
1
1
1
1
1
