2
2
2
2
2
2
2
2
2
2
2
2
2
2
2
2
2
2
2
2
3
2
3
3
3
3
3
2
3
3
3
2
3
7
3
3
3
9
3
3
3
3
3
3
3
2
3
3
3
2
3
2
3
3
3
2
3
2
3
3
3
3
3
2
3
3
3
2
3
2
2
3
3
2
3
2
3
3
3
3
3
2
2
3
3
2
3
2
3
3
3
3
3
2
3
3
3
2
3
2
3
2
3
2
3
2
2
2
2
2
2
2
2
2
2
2
2
2
2
2
2
2
2
2
2
2
2
2
2
2
2
2
2
2
2
2
2
2
2
2
2
2
2
2
2
2
2
2
2
3
2
2
2
2
2
2
2
2
2
2
2
2
2
2
2
2
2
2
2
2
2
2
2
2
2
2
2
2
2
2
2
2
2
2
2
2
2
2
2
2
2
2
2
2
2
2
2
2
2
2
2
2
2
2
2
2
2
2
2
8
4
2
2
2
2
2
2
2
2
6
2
2
2
3
2
2
2
2
2
2
2
2
2
2
4
5
2
2
2
2
2
2
2
7
2
2
2
2
2
2
2
2
2
2
2
2
2
3
2
7
2
2
2
3
2
2
2
2
2
2
2
2
2
7
2
2
2
2
2
2
2
2
2
2
2
2
2
2
