2
2
1
1
2
2
2
2
2
2
1
2
1
1
1
1
1
1
1
1
2
2
2
2
2
2
2
2
2
2
2
2
2
8
2
2
2
8
2
2
2
2
2
2
2
2
2
2
2
2
2
2
2
2
2
2
2
2
2
2
2
2
2
2
2
2
2
2
2
2
2
2
2
2
2
2
2
2
2
2
2
2
2
2
2
2
2
2
2
2
2
2
2
2
2
2
2
2
2
2
2
2
2
2
2
2
1
2
1
1
1
1
1
1
1
1
2
1
1
2
1
1
2
1
1
1
2
1
1
2
1
2
1
1
1
1
1
1
2
2
1
1
2
2
1
1
1
2
1
2
2
2
1
2
1
2
1
2
1
1
1
2
1
2
1
2
1
2
1
1
1
1
1
2
2
1
1
1
1
2
1
1
2
2
1
1
1
1
1
2
1
2
2
2
1
1
1
2
1
1
1
2
1
2
1
1
1
2
1
6
2
2
1
2
1
2
1
2
1
7
1
2
1
2
1
2
1
2
1
2
1
1
1
1
3
5
1
1
2
2
2
2
2
7
2
1
1
2
2
1
1
2
1
1
1
1
1
2
1
7
1
2
2
2
1
1
1
2
2
2
1
1
1
6
2
2
1
2
2
2
1
2
1
1
1
2
1
2
