3
2
3
2
2
2
3
2
3
2
2
2
2
2
2
2
2
2
2
2
3
3
3
3
3
3
3
3
3
3
3
3
3
9
3
3
3
8
3
2
3
3
2
2
3
2
2
3
3
2
3
2
2
2
2
2
3
2
2
3
3
2
3
2
2
2
2
2
3
2
2
3
3
2
2
2
2
2
2
2
3
2
2
3
3
2
2
2
2
2
2
2
3
2
2
3
3
2
2
2
2
2
2
2
2
2
2
2
2
2
2
2
2
2
2
2
2
2
2
2
2
2
2
2
2
2
2
2
2
2
2
2
2
2
2
2
2
2
2
2
2
2
2
2
2
2
2
2
2
2
2
3
2
2
2
2
2
2
2
2
2
2
2
2
2
2
2
2
2
2
2
2
2
2
2
2
2
2
2
2
2
2
2
2
2
2
2
2
2
2
2
2
2
2
2
2
2
2
2
2
2
2
2
2
2
2
2
2
2
8
2
2
2
2
2
2
2
2
2
8
2
2
2
2
2
2
2
2
2
2
2
2
2
2
7
5
2
2
3
2
2
2
2
8
2
2
2
3
2
2
2
2
2
2
2
2
2
2
2
9
3
3
2
3
2
2
2
2
3
3
3
2
2
8
2
2
2
3
3
3
3
2
2
2
2
2
2
2
