4
3
3
4
3
4
3
3
4
5
36
19
13
20
29
68
30
49
41
47
4
5
13
7
4
3
3
3
3
4
4
3
3
4
4
3
3
3
3
3
3
4
3
3
3
4
3
3
3
3
3
3
3
3
4
3
3
4
3
3
3
3
3
4
3
3
3
3
3
3
4
3
3
4
3
3
3
4
3
3
3
3
3
3
3
3
3
3
3
3
3
3
3
3
3
3
3
3
3
3
3
3
3
3
3
3
3
3
4
3
3
3
4
3
3
3
3
3
4
4
9
4
4
4
4
4
4
4
9
4
4
4
4
5
5
4
16
10
5
4
4
4
9
4
4
5
4
4
9
4
5
4
4
4
9
4
5
4
4
4
9
4
4
3
4
3
8
3
4
3
4
4
4
3
3
3
3
3
3
3
4
3
4
3
4
3
4
3
3
3
3
3
4
3
3
3
4
3
4
3
4
3
4
3
4
3
3
3
3
3
4
3
3
3
4
3
4
3
3
3
3
3
4
3
4
3
4
46
4
3
35
81
26
90
4
3
4
3
4
3
4
3
4
4
4
3
4
3
4
3
3
3
4
3
3
3
4
3
4
3
4
3
4
3
4
3
4
3
4
3
4
3
4
3
4
3
4
3
4
3
4
3
4
3
4
3
4
3
