103
104
104
53
0
25
104
104
104
104
104
99
38
0
40
58
66
104
104
104
52
0
4
80
86
86
86
88
82
29
25
35
58
78
104
104
103
27
0
40
90
104
104
66
29
40
29
38
102
103
87
86
60
8
33
100
103
104
103
104
56
29
29
89
104
104
104
103
81
29
82
104
104
104
104
79
29
29
29
79
104
104
104
104
75
29
22
0
7
58
86
86
92
104
89
59
86
59
58
83
87
70
58
33
74
86
86
86
86
76
29
30
52
104
104
104
104
103
104
66
18
24
29
46
58
58
88
86
86
86
66
29
60
87
86
86
73
64
73
86
86
86
71
33
29
56
104
104
104
103
90
58
45
79
104
104
104
104
91
94
48
45
87
89
87
86
86
44
29
44
103
104
103
104
104
104
61
39
87
99
104
103
103
101
50
33
79
87
86
86
84
67
58
58
83
87
60
73
87
86
61
58
12
0
33
58
58
58
56
18
1
76
104
103
104
103
94
5
2
88
104
104
104
103
86
1
0
27
104
104
104
104
103
104
38
0
18
103
104
103
103
103
49
0
44
58
58
57
54
11
0
17
102
103
103
103
103
69
1
42
57
58
57
58
59
58
79
103
103
103
45
1
42
86
86
86
76
42
22
6
6
56
64
63
64
62
44
35
