104
104
104
104
28
0
66
103
104
103
104
75
0
56
104
104
105
104
81
0
45
104
104
104
104
95
1
13
104
104
104
104
104
23
5
103
104
104
104
104
38
25
91
104
104
104
104
34
34
86
86
86
87
59
29
45
104
103
87
83
85
25
28
40
94
95
86
85
73
3
13
101
103
104
104
104
81
7
31
86
102
104
103
87
79
31
29
51
86
71
58
58
57
26
29
29
36
86
79
58
85
86
80
34
29
56
73
86
86
87
70
10
0
40
86
86
86
86
74
11
17
29
55
58
58
31
29
98
93
86
86
71
7
42
58
58
58
48
58
86
103
103
102
103
61
1
51
103
102
102
102
101
36
42
86
86
86
76
9
1
84
103
103
103
103
24
41
86
86
86
85
32
29
29
29
29
18
1
31
86
100
103
103
103
96
21
8
53
58
58
58
58
39
0
1
55
58
58
75
86
79
29
29
40
87
86
86
86
86
43
0
0
1
0
9
18
22
22
23
23
23
15
20
23
23
21
15
22
23
15
20
23
23
23
23
23
23
23
23
20
21
23
22
22
20
22
23
23
23
22
22
23
23
23
23
22
23
20
19
21
26
24
23
23
23
22
20
20
18
23
23
23
23
22
22
22
20
11
9
10
9
7
9
11
10
8
4
2
