102
102
101
99
84
8
23
99
100
104
104
104
104
67
1
59
87
91
104
104
104
56
0
4
29
29
29
30
84
95
86
86
30
0
1
80
104
104
104
104
57
7
87
104
104
104
102
35
9
85
87
87
87
74
29
41
103
91
87
87
98
64
58
63
95
87
87
86
68
30
29
82
104
104
104
104
94
31
75
87
100
104
103
78
58
53
58
56
29
29
3
29
29
37
58
58
59
86
63
58
58
58
55
29
30
54
75
86
87
86
85
31
29
37
58
58
58
57
30
29
23
30
53
58
76
58
57
55
29
38
58
58
58
81
86
70
58
41
29
44
58
58
58
58
35
29
52
85
85
86
81
58
50
29
44
58
58
58
58
58
48
29
29
29
27
29
40
58
58
58
67
62
58
58
58
58
44
29
37
58
85
86
86
86
70
33
34
78
86
86
86
87
66
30
30
54
58
58
72
86
63
35
29
23
1
44
85
85
85
86
52
2
75
103
103
103
103
103
35
0
0
12
102
104
104
104
105
101
77
0
1
1
1
0
0
0
1
1
1
0
0
1
1
1
0
0
1
1
1
0
0
1
1
1
0
0
1
0
3
90
96
103
96
9
1
74
103
103
102
102
103
89
2
20
86
87
86
84
90
58
5
5
5
6
6
7
6
68
