1
1
1
1
1
2
82
104
104
104
104
78
1
24
104
104
104
104
104
36
0
0
0
45
105
104
103
50
3
78
86
83
30
29
56
105
104
105
48
0
40
90
104
97
53
29
73
87
86
87
102
41
30
56
61
87
87
86
86
87
100
104
96
86
95
96
86
86
86
66
58
82
86
87
98
104
92
87
98
100
86
86
86
63
52
45
29
29
29
27
1
55
58
58
58
58
59
86
87
86
86
86
86
58
58
58
71
86
86
86
86
71
58
58
58
58
58
58
58
33
14
29
29
29
59
68
58
58
58
66
87
87
87
88
86
84
58
58
58
73
86
86
86
69
58
58
58
58
58
58
58
58
58
69
86
86
86
86
34
1
0
0
11
29
35
86
86
86
70
58
67
87
87
87
86
86
62
58
58
58
79
86
86
87
80
58
58
79
86
86
86
86
73
58
58
83
87
85
51
29
29
4
0
4
94
103
104
104
104
104
90
4
0
0
1
19
20
20
19
17
19
17
20
18
17
17
19
19
16
15
19
19
18
20
20
19
19
20
20
18
20
20
20
20
20
20
20
20
20
20
21
20
20
20
21
20
20
22
20
21
22
21
21
20
18
21
20
21
21
19
21
20
18
20
21
22
21
7
10
9
9
8
8
9
10
10
6
1
