103
104
103
103
82
5
25
103
104
104
104
104
103
56
1
40
58
65
103
103
103
62
1
5
81
86
86
86
88
91
30
29
50
58
58
58
58
57
3
1
73
102
103
104
104
103
95
7
3
89
104
104
103
104
104
70
1
12
101
104
103
104
104
103
59
1
1
41
103
104
104
104
103
66
71
58
58
58
48
59
80
86
86
86
66
4
1
12
58
58
58
58
58
34
29
29
29
29
2
1
45
58
58
58
33
25
42
58
58
58
41
1
1
20
58
58
58
58
44
16
15
29
53
58
58
31
29
52
30
37
58
38
29
47
58
47
29
33
29
44
58
58
58
45
1
1
24
58
58
58
58
40
3
12
44
58
58
56
30
29
24
29
40
58
39
29
40
58
39
29
30
29
29
38
58
58
34
29
17
29
50
58
58
61
37
7
9
51
64
63
61
59
38
7
6
6
7
6
21
31
33
34
35
16
6
7
6
6
7
1
5
6
15
61
63
63
64
64
23
5
6
5
6
5
6
6
5
6
23
58
60
63
63
63
43
6
7
6
7
1
5
7
6
6
7
47
64
64
58
52
19
6
7
7
6
7
7
6
5
59
62
63
34
7
8
32
35
58
57
60
58
15
7
18
35
36
36
33
37
32
8
8
9
9
9
8
5
2
