0
0
0
0
0
1
80
104
103
104
102
96
8
24
103
103
103
102
102
62
2
74
86
97
102
103
34
10
59
87
86
86
98
49
29
56
102
103
100
87
81
29
29
25
0
0
58
86
86
85
75
30
30
91
103
87
86
78
29
29
88
104
94
86
94
75
37
39
58
35
33
82
86
69
77
82
34
29
48
84
86
86
80
58
28
17
29
41
86
76
58
58
56
20
0
0
2
29
29
29
74
86
80
58
45
5
13
29
29
29
29
6
2
20
58
58
58
58
58
24
14
29
29
29
29
2
1
43
58
66
86
56
29
47
58
50
29
18
29
44
58
58
58
53
12
0
24
58
58
58
58
39
15
12
44
58
58
53
29
29
33
29
40
58
57
29
40
58
35
29
38
40
29
38
58
58
42
19
8
29
50
58
58
61
33
6
9
50
64
65
61
59
34
7
6
6
7
6
21
31
33
34
35
24
6
7
6
6
7
1
5
6
15
61
63
63
63
62
47
5
6
5
6
5
6
6
5
6
23
58
59
63
63
63
40
6
6
6
6
1
5
7
6
6
7
44
63
63
58
62
18
6
7
6
6
7
7
5
3
59
63
63
33
5
6
6
7
51
58
60
33
5
6
30
62
63
63
58
32
13
12
11
61
70
68
70
68
56
