1
0
0
0
0
2
81
104
103
103
104
90
1
24
103
103
102
103
101
43
2
29
29
65
103
102
86
21
4
90
103
102
79
19
32
103
102
103
80
3
30
64
103
98
64
58
49
4
9
99
102
102
103
101
49
5
92
103
101
102
103
58
1
1
75
103
101
103
103
74
1
68
102
103
101
103
80
7
69
86
99
103
102
46
53
50
58
58
52
29
5
0
0
11
58
58
59
86
56
29
54
58
57
30
17
25
42
58
58
58
45
0
0
20
58
58
58
58
43
11
14
29
53
58
45
29
29
53
31
38
58
48
29
47
58
52
29
21
29
44
58
58
58
50
11
0
24
58
58
58
54
29
15
12
44
58
58
58
41
29
33
29
40
58
55
29
40
58
41
29
38
38
32
38
58
58
42
29
22
29
51
58
58
62
43
6
9
51
64
63
61
60
47
11
6
6
7
6
21
31
33
35
35
19
6
7
6
6
7
1
5
6
15
63
63
63
64
62
41
10
6
5
6
5
6
5
5
6
23
58
60
63
63
56
15
6
6
6
6
1
5
6
6
6
7
44
64
64
58
62
22
6
7
6
6
6
7
5
3
61
63
63
32
5
6
6
6
52
58
60
35
5
6
31
63
63
63
58
15
13
11
12
60
70
68
70
67
41
