103
104
104
102
73
0
25
104
104
104
104
104
104
39
0
40
58
66
104
104
104
73
0
5
82
87
86
86
88
96
34
29
42
58
58
58
58
43
7
1
74
104
103
104
104
104
98
23
3
90
104
103
104
104
104
81
1
25
103
104
104
103
104
94
54
29
29
48
104
98
86
86
86
63
23
29
29
29
32
84
86
86
86
86
65
1
0
26
86
86
86
81
58
20
0
0
2
29
29
29
85
86
86
60
45
2
21
58
58
58
56
10
0
23
87
86
86
86
32
14
0
0
44
58
58
58
58
63
31
38
58
53
29
47
58
34
29
18
29
44
58
58
57
37
0
0
24
58
58
58
58
38
10
12
44
58
58
48
29
29
24
29
40
58
41
29
40
58
34
29
31
29
29
38
58
58
32
29
12
29
51
58
58
61
44
6
5
49
67
63
61
59
41
6
5
5
6
6
20
31
32
34
34
22
6
6
5
5
6
0
4
5
5
6
5
6
6
4
0
6
59
62
63
62
62
14
4
5
3
0
2
5
6
6
5
6
6
5
6
0
5
6
6
5
6
5
6
6
1
4
6
5
6
5
5
6
6
5
2
59
63
63
18
5
5
5
6
52
58
60
34
5
5
27
62
63
63
58
17
12
11
10
60
70
68
71
67
16
