103
103
103
102
49
0
38
103
103
103
103
95
10
28
103
103
103
104
100
8
18
101
103
103
103
101
10
2
87
103
104
103
102
47
1
79
103
102
103
104
69
7
63
102
101
103
100
59
31
1
67
87
87
103
103
49
29
72
88
87
99
102
63
29
77
87
86
86
69
8
0
61
87
87
98
101
46
29
48
41
69
87
65
58
55
19
29
29
29
30
5
0
0
12
58
58
60
86
57
29
29
29
18
0
0
45
70
86
86
86
75
9
0
20
58
58
58
58
41
3
14
29
53
58
58
34
29
44
29
37
58
41
29
47
58
34
29
24
29
44
58
58
57
51
1
0
24
58
58
58
58
35
4
12
44
58
58
49
29
29
32
29
40
58
46
29
40
58
35
29
37
29
29
38
58
58
30
29
13
29
50
58
58
60
37
3
6
48
61
60
59
59
32
3
3
28
32
32
46
58
60
34
31
11
3
3
3
3
3
0
2
3
13
86
88
89
89
88
65
4
3
2
3
3
3
3
12
3
26
87
87
88
88
85
14
3
3
3
3
0
3
3
3
3
3
58
88
89
86
87
26
3
3
3
3
3
3
2
3
80
89
87
23
2
3
67
89
88
86
87
79
3
3
19
60
60
61
58
67
35
11
10
10
13
10
13
10
57
