103
104
103
32
0
38
103
103
104
102
92
8
0
0
62
104
102
102
104
103
99
24
5
81
87
86
86
88
84
33
29
11
0
32
104
102
103
33
0
30
64
103
102
81
58
48
1
9
100
104
103
102
102
51
12
100
103
103
102
103
61
29
29
88
102
103
104
103
78
29
83
103
104
102
104
101
34
48
58
91
103
103
92
87
65
58
58
58
46
33
57
58
65
87
61
59
86
70
58
83
86
81
58
42
54
70
86
86
86
81
34
29
48
87
86
86
86
66
39
22
29
72
87
96
89
86
74
29
40
87
87
87
97
104
103
69
62
66
73
86
86
86
74
30
29
52
87
86
86
86
62
35
40
73
86
86
87
61
40
26
29
40
58
54
58
68
86
72
58
63
58
58
67
86
86
59
57
37
58
79
87
86
87
66
29
33
79
87
86
86
86
54
29
29
54
58
41
44
58
57
30
29
15
0
44
87
86
86
86
36
1
48
58
58
58
58
13
0
2
54
58
58
58
45
0
0
0
26
103
102
103
103
103
103
52
0
18
103
103
102
104
103
75
0
45
58
58
58
48
1
0
17
103
102
102
102
103
80
1
65
103
103
102
103
98
4
37
102
103
102
41
0
47
103
104
103
102
86
5
0
1
82
102
103
103
102
103
42
