104
104
104
104
51
0
13
102
104
104
37
1
68
104
104
84
6
9
85
86
70
29
29
62
104
104
85
35
31
83
59
51
20
29
56
104
104
104
45
0
39
90
103
102
46
29
79
87
86
87
90
40
30
56
65
87
87
90
87
87
100
104
99
86
94
92
86
86
86
74
58
82
87
87
98
104
91
87
97
97
86
86
86
65
53
41
29
29
29
27
1
55
58
58
58
58
59
86
87
86
86
86
83
58
58
58
71
86
86
86
82
58
58
58
58
58
58
58
58
43
14
29
29
29
52
58
58
58
58
66
87
87
87
87
86
74
58
58
58
73
87
87
86
88
59
58
58
58
58
58
58
58
58
69
86
86
87
87
38
6
0
0
11
29
35
86
86
86
67
58
58
58
58
67
87
86
86
83
58
58
58
58
58
58
58
58
58
58
58
58
58
58
58
57
58
83
87
64
42
29
23
0
0
4
93
104
104
104
104
104
97
8
0
0
1
20
20
20
19
16
19
17
20
19
17
17
18
19
17
15
19
19
18
20
20
19
18
19
20
19
20
20
20
20
20
20
20
20
19
18
19
19
19
19
20
19
19
19
20
19
20
19
20
19
18
19
19
19
19
18
20
19
17
19
19
20
20
5
8
8
7
7
7
8
9
9
5
0
