102
102
102
102
67
1
15
102
103
103
68
4
25
53
102
99
87
86
61
1
19
102
102
102
102
102
25
2
87
102
102
102
102
63
1
80
102
102
102
102
73
6
35
101
102
102
102
86
26
1
48
58
58
98
103
77
58
78
71
58
90
103
88
58
75
87
58
58
56
26
1
44
58
58
101
100
62
58
85
86
58
58
57
3
24
46
58
58
44
27
0
0
0
8
29
29
30
57
39
29
29
29
24
0
0
25
42
58
58
58
46
2
0
8
29
29
30
28
0
0
14
29
53
58
57
29
29
26
0
9
29
29
29
47
58
40
29
19
0
16
29
29
29
28
1
0
13
29
29
29
29
29
6
12
29
29
29
29
3
0
21
29
40
58
45
29
29
29
8
0
10
29
29
38
58
58
35
29
6
0
22
29
29
34
27
8
6
22
37
36
34
31
17
9
7
8
8
8
8
3
5
8
8
7
8
8
8
8
9
1
6
7
8
8
8
9
8
7
0
7
35
35
36
35
36
9
6
7
5
0
2
8
8
8
8
8
8
10
9
0
6
8
8
8
8
7
8
8
1
6
8
7
8
8
8
8
8
7
0
6
30
37
37
36
36
16
8
13
4
7
8
7
7
18
36
37
36
31
42
37
17
14
14
18
16
18
15
15
