4
4
4
4
4
6
15
9
12
10
4
4
4
3
13
12
4
7
4
4
4
4
4
5
2
4
8
2
2
2
2
2
9
7
2
2
2
2
2
2
2
2
2
2
2
2
2
2
2
2
2
2
2
2
2
2
2
2
4
5
2
2
2
2
2
2
2
6
5
2
2
2
2
2
2
2
2
2
2
2
2
2
2
2
2
2
2
2
2
2
2
5
7
3
2
2
5
3
2
2
2
2
2
2
2
2
2
2
2
2
2
2
2
2
2
2
2
2
2
2
2
2
2
2
2
2
2
2
2
2
2
2
3
5
3
2
2
2
2
2
2
2
2
2
2
2
4
6
2
2
2
2
2
2
2
6
6
2
2
2
2
2
2
3
2
2
2
7
3
2
2
2
2
2
5
3
2
2
6
6
2
2
2
2
2
2
6
2
2
2
2
2
2
2
2
2
2
2
2
2
2
2
2
4
5
2
2
2
2
2
8
5
2
9
2
3
5
19
6
4
4
6
4
19
12
7
13
8
8
5
8
7
4
34
20
5
4
5
4
5
3
1
0
15
49
1
1
1
1
1
1
1
1
1
1
1
1
1
1
1
1
1
1
1
1
1
1
1
1
1
1
1
1
1
1
1
1
1
1
1
1
1
1
1
1
1
1
1
