0
0
0
0
0
0
0
0
0
0
0
1
66
98
98
95
25
9
81
82
68
28
28
32
95
90
82
82
83
82
28
28
39
55
55
54
55
38
0
1
70
98
98
98
98
98
95
18
2
85
98
98
98
98
98
79
7
12
96
98
98
98
98
97
49
0
0
20
98
98
98
98
98
98
75
1
0
0
14
96
98
98
98
98
72
61
55
73
98
93
58
55
39
18
28
27
29
75
55
55
78
78
42
27
10
43
67
82
82
82
56
0
0
26
82
82
82
77
55
14
13
29
51
55
41
28
28
52
55
63
82
44
28
45
53
28
28
13
54
69
82
82
76
35
0
0
26
82
82
82
82
54
2
11
51
82
82
72
55
44
20
28
38
55
34
28
44
79
55
55
56
28
28
36
55
53
28
19
10
55
75
82
82
73
10
0
5
74
82
82
82
80
47
28
28
51
41
28
52
82
75
55
55
14
0
0
0
0
0
0
0
0
14
97
98
98
98
98
96
41
0
12
95
98
98
98
98
98
57
0
0
0
0
0
0
0
0
0
0
0
0
0
0
0
1
59
82
82
82
62
0
0
0
0
0
0
0
0
3
86
98
98
75
1
1
72
98
98
98
98
98
74
1
21
98
98
98
98
98
98
60
0
0
0
0
0
1
73
