10
10
10
10
41
92
50
10
10
10
12
53
70
44
54
13
24
42
10
42
66
10
61
53
10
11
30
89
51
10
10
50
18
49
87
28
10
10
18
88
27
53
46
10
10
53
12
45
67
54
10
11
58
63
43
48
67
49
10
51
14
10
11
76
30
11
32
36
11
23
89
12
11
46
20
11
11
60
55
47
13
10
11
43
43
23
28
39
10
48
59
10
25
40
10
14
53
10
11
54
10
10
11
10
56
35
31
11
10
11
11
10
68
50
10
10
10
10
10
37
28
56
11
56
28
10
53
11
28
39
10
11
45
21
10
11
22
45
39
26
11
11
10
11
21
86
45
11
10
10
11
11
32
63
27
11
10
11
10
50
16
32
35
26
52
31
34
11
10
29
38
10
27
38
11
11
11
26
40
50
15
11
14
19
21
46
82
25
20
21
37
54
23
21
66
22
19
51
36
51
37
21
54
58
56
28
21
20
19
62
35
79
47
21
25
26
26
34
77
67
62
85
76
76
84
90
87
89
87
92
72
28
32
27
29
31
45
40
27
70
36
25
26
27
69
27
26
26
66
37
27
50
50
26
28
26
26
35
76
73
26
26
26
58
38
28
60
55
88
71
29
41
78
52
27
27
29
23
28
55
79
67
46
28
33
26
57
71
