6
6
6
6
6
6
5
4
4
4
4
4
4
4
4
4
4
4
4
4
4
4
4
4
5
5
5
4
4
4
4
4
4
4
19
5
4
4
4
4
4
3
3
4
4
3
4
4
3
3
4
4
4
4
4
4
4
4
4
4
4
4
3
7
70
68
48
67
64
63
61
72
63
72
30
63
30
64
30
65
33
62
37
61
50
34
67
40
63
47
54
59
71
47
51
61
47
70
39
72
70
62
43
75
43
73
46
74
64
78
45
73
61
78
60
59
60
60
60
60
56
51
76
84
83
77
75
51
76
76
76
76
77
79
82
85
85
85
87
82
84
89
90
90
79
86
73
56
46
58
52
57
54
77
75
70
74
71
79
74
56
74
63
27
30
29
29
31
31
33
29
36
30
37
31
37
35
36
31
37
35
36
34
38
39
38
38
42
38
41
39
42
41
40
41
39
42
34
43
36
42
36
33
25
25
25
25
25
25
25
25
25
25
24
25
32
26
4
4
4
4
3
4
4
4
4
4
4
4
4
4
3
3
4
6
3
3
3
3
2
2
2
3
3
3
2
2
2
3
3
3
3
3
3
3
3
3
3
3
3
3
3
3
3
3
3
3
3
3
3
3
3
3
3
3
2
2
2
3
3
3
2
3
3
3
3
2
2
