2
2
2
2
2
2
2
2
2
2
2
2
2
2
2
2
2
2
2
2
2
2
2
2
2
2
2
2
2
2
2
2
2
2
2
2
2
2
2
2
2
2
2
2
2
2
2
2
2
2
2
2
2
2
2
2
2
2
2
2
2
2
2
2
2
2
2
2
2
2
2
2
2
2
2
2
2
2
2
2
3
2
2
2
2
3
2
2
3
2
2
2
2
20
2
3
2
3
2
2
3
2
2
2
2
2
2
2
8
3
2
2
3
2
2
2
3
2
2
2
2
3
2
2
3
2
2
2
2
2
2
2
2
2
2
2
3
2
2
2
2
2
2
2
2
3
2
2
3
2
2
2
2
2
2
2
2
3
2
2
3
2
2
2
2
2
2
2
2
4
2
2
3
2
2
2
2
2
2
2
2
3
2
2
3
2
2
2
2
2
2
2
2
3
2
2
3
2
2
2
3
2
2
2
2
3
2
2
3
2
2
2
2
2
2
2
2
2
2
2
3
2
2
2
2
2
2
2
2
3
2
3
3
2
2
2
2
2
2
2
2
2
2
2
3
2
2
2
2
2
2
2
2
3
2
2
3
2
2
2
2
2
2
2
2
2
2
2
2
2
2
2
2
2
2
2
2
2
2
2
3
2
2
2
6
6
2
2
