4
3
4
3
4
60
8
4
4
4
4
3
4
4
4
3
4
4
4
4
4
3
4
3
3
3
3
3
3
59
9
4
4
3
3
3
3
3
3
3
3
3
3
3
4
3
3
3
3
3
3
3
3
3
3
3
4
3
3
3
3
3
3
3
3
3
3
3
4
3
3
3
3
3
3
3
3
3
3
3
4
3
3
3
3
3
3
3
3
3
3
3
4
3
3
3
3
3
3
3
3
3
4
3
4
3
3
3
3
3
3
3
3
3
3
3
4
3
3
3
3
3
3
3
3
3
3
3
4
3
3
3
3
3
3
3
3
3
3
3
4
3
3
3
3
3
3
3
3
3
3
3
4
3
3
3
3
3
3
3
3
3
3
3
4
3
3
3
3
3
3
3
3
3
3
3
4
3
3
3
3
3
3
3
3
3
3
3
4
3
3
3
3
3
3
3
3
56
11
4
4
3
3
3
3
3
3
3
3
3
3
3
4
3
3
3
3
3
3
3
3
60
8
4
4
3
3
3
3
3
3
3
3
3
3
3
4
3
3
3
3
3
3
3
3
56
11
4
4
3
3
3
3
3
3
3
3
3
3
3
4
3
3
3
3
3
3
3
3
55
12
3
4
3
3
3
3
3
3
3
3
3
3
3
3
3
3
3
