5
5
5
5
5
6
6
6
6
6
7
6
6
6
6
6
6
6
6
6
6
6
6
6
6
6
6
6
6
6
6
5
6
5
6
5
5
6
5
5
5
5
5
5
5
6
6
6
6
5
6
5
5
6
5
6
6
6
6
6
6
5
5
6
5
6
5
5
5
5
6
6
5
6
6
5
5
6
5
5
6
7
6
6
5
23
6
6
5
6
5
6
5
5
6
5
5
5
5
5
5
6
5
5
5
5
6
5
5
5
5
5
5
6
5
5
5
11
6
6
5
5
5
5
5
6
5
5
6
5
6
6
6
5
5
5
5
6
5
5
5
5
6
6
5
5
5
5
6
6
5
5
5
5
6
5
6
5
6
5
5
6
5
5
5
5
6
6
5
5
5
6
5
6
5
5
5
5
6
6
6
5
5
5
5
6
6
5
5
5
6
6
5
6
6
6
6
6
6
6
6
6
6
6
6
6
5
5
5
6
5
6
6
6
6
6
5
6
5
5
5
6
6
5
5
6
5
6
5
6
6
5
5
6
6
6
5
6
6
6
5
6
5
5
5
5
5
5
5
6
5
6
5
5
5
5
5
6
5
6
5
13
6
5
5
5
5
6
6
6
5
6
6
5
6
5
5
5
5
5
5
6
6
6
5
5
6
6
