1
1
1
1
1
1
2
1
26
31
31
31
31
10
4
4
2
1
1
1
1
1
1
1
1
1
1
1
1
1
1
1
1
1
1
1
1
1
1
2
11
5
6
3
12
8
5
4
7
5
4
6
5
4
5
6
4
5
6
4
5
6
4
4
6
5
3
6
6
3
7
6
3
3
1
1
1
1
1
1
1
1
1
1
1
1
1
1
1
1
7
1
2
1
1
1
1
1
1
1
1
1
1
1
1
1
4
1
1
1
1
1
1
1
1
1
1
1
3
1
1
1
1
1
1
1
5
7
1
1
1
1
1
1
1
1
1
1
1
1
1
1
1
1
1
1
1
1
1
1
1
1
1
1
1
1
1
1
1
1
1
1
1
1
1
1
1
1
1
1
1
1
1
1
1
1
1
1
1
1
1
1
1
1
1
1
1
1
1
1
1
1
1
1
3
4
1
1
1
1
1
1
1
2
2
7
5
10
9
9
3
4
4
4
4
1
3
16
9
13
5
15
6
6
6
6
3
3
3
2
3
16
4
4
4
4
4
2
2
3
4
2
3
4
5
9
9
16
24
17
15
22
2
1
2
5
12
9
3
6
14
5
3
9
2
2
3
13
2
3
22
3
2
2
2
2
2
1
1
3
10
1
1
1
1
1
1
7
