11
3
2
2
3
3
3
3
2
3
4
3
3
3
5
9
10
2
2
3
2
3
2
2
2
2
2
2
2
2
2
3
2
2
2
2
2
2
2
2
2
2
2
2
2
2
2
2
2
2
2
2
2
2
2
2
2
2
2
2
2
2
2
2
2
2
2
2
2
2
2
2
2
2
2
2
2
2
2
2
2
2
2
2
2
2
2
2
2
2
2
2
2
2
2
2
2
2
2
2
2
2
2
2
2
2
2
2
2
2
2
2
2
2
2
2
2
2
2
2
2
2
2
2
2
2
2
2
2
7
2
2
2
2
2
2
2
2
2
2
2
2
2
2
2
2
2
2
2
2
2
2
2
2
2
2
2
2
2
2
2
2
2
2
2
2
2
2
2
2
2
2
2
2
2
2
2
2
2
2
2
2
2
2
2
2
2
2
2
2
2
2
2
2
2
2
2
2
2
2
2
2
2
2
2
2
2
2
2
2
2
2
2
3
5
6
9
7
6
4
9
3
3
3
3
2
3
6
6
5
4
6
11
4
3
3
3
18
5
4
6
5
3
3
4
3
3
3
3
4
5
12
3
3
3
4
11
4
7
29
4
4
12
3
4
4
5
3
5
5
6
9
5
4
7
3
4
8
4
7
7
6
6
18
8
4
5
5
