49
58
42
49
33
33
43
51
36
35
39
40
36
38
36
36
37
38
52
41
35
34
34
34
33
34
38
42
45
43
35
36
35
37
39
37
35
42
36
31
31
31
32
31
31
32
31
31
31
31
31
32
32
31
32
31
31
31
32
31
31
31
31
31
31
31
32
31
32
32
32
32
31
31
31
31
31
32
32
32
32
32
31
32
32
32
32
32
32
32
32
32
32
32
32
32
32
32
32
31
31
31
32
31
31
32
31
31
32
31
32
32
31
32
31
31
31
31
32
31
32
31
31
31
31
32
32
32
32
32
32
32
32
31
32
31
31
32
31
31
31
31
31
32
32
32
32
31
31
32
32
32
31
31
32
31
31
31
31
31
31
31
31
31
31
31
31
31
31
31
31
31
31
31
31
31
30
32
31
31
31
30
31
31
31
31
31
30
31
31
31
31
31
31
30
31
31
31
31
31
31
31
31
31
31
35
34
32
31
47
55
54
54
55
56
56
54
55
39
31
31
30
30
30
31
36
43
34
32
32
40
52
51
46
42
35
36
47
34
38
34
32
30
31
44
37
48
59
55
33
33
33
36
58
52
53
39
35
36
37
40
44
34
34
37
41
45
36
36
38
62
59
37
35
38
37
49
39
55
68
64
40
39
35
35
34
31
32
