25
25
26
28
27
25
26
27
26
26
24
24
24
25
26
26
25
24
27
26
25
25
26
25
25
27
27
25
25
25
25
24
24
26
27
26
25
26
26
26
25
26
24
25
26
26
26
27
25
26
26
26
26
26
26
26
24
25
26
26
25
26
25
26
26
26
25
26
26
25
24
25
25
25
26
26
25
27
25
24
26
27
24
26
26
26
27
27
26
26
24
25
25
26
25
24
25
26
25
26
26
27
26
24
25
25
26
26
25
24
26
26
26
27
27
27
26
26
26
24
27
24
26
25
27
26
27
25
25
25
25
26
24
24
25
24
25
25
26
25
27
25
28
26
25
26
26
25
26
26
24
24
26
27
27
26
25
25
26
24
27
26
26
25
26
24
25
28
27
27
27
26
25
24
26
27
26
26
27
25
26
26
26
27
27
26
26
25
25
26
27
26
27
25
27
26
26
25
26
26
24
26
24
24
27
26
27
27
26
25
26
26
24
27
25
25
26
26
25
25
29
26
28
27
26
26
25
26
26
26
27
26
25
25
27
27
26
26
26
26
27
26
26
25
26
26
26
26
25
24
26
26
26
26
26
26
27
26
26
27
25
25
25
26
27
26
26
27
25
26
26
25
26
26
25
26
26
25
27
26
27
26
26
27
25
25
27
26
