5
0
0
0
0
3
1
9
0
0
0
0
1
0
0
6
3
0
0
0
1
0
0
0
0
1
0
0
0
0
0
0
0
0
0
0
0
1
0
5
0
0
0
47
65
9
3
8
1
0
0
0
0
0
0
1
0
0
0
0
1
0
0
0
0
0
0
0
1
0
0
0
0
0
1
0
0
0
0
0
0
0
1
1
0
1
0
0
0
0
0
0
0
16
0
0
0
0
0
0
0
0
1
0
0
0
0
0
0
0
0
0
0
0
0
0
0
0
0
0
0
0
1
0
0
0
0
0
0
0
0
0
0
0
0
0
0
0
0
0
0
0
1
0
0
0
0
0
0
0
2
2
1
0
0
0
1
3
0
0
0
0
0
0
2
0
1
0
0
0
0
2
0
0
0
0
0
3
0
0
0
0
0
1
0
0
0
1
0
1
1
1
1
0
1
0
1
0
0
2
0
0
1
1
1
1
0
0
3
7
2
4
4
9
2
11
11
3
5
3
3
1
1
1
8
5
1
1
1
0
1
2
1
1
3
6
2
11
3
0
45
1
0
0
0
0
0
5
0
1
2
0
1
5
1
0
43
2
2
1
2
2
2
8
11
19
4
14
2
2
2
2
1
2
2
2
1
2
1
1
1
2
2
2
2
3
1
1
