10
5
8
7
6
5
6
7
6
5
7
7
5
5
8
6
7
5
6
3
4
5
3
3
3
7
4
3
3
3
3
2
2
2
1
1
3
4
4
2
2
2
2
2
2
2
2
2
1
1
1
1
1
1
1
1
1
1
2
1
1
2
1
2
1
2
1
2
2
2
2
2
1
2
2
2
10
11
11
13
15
17
19
21
21
7
4
3
3
1
1
1
1
1
1
5
2
1
1
1
1
1
1
1
1
1
1
1
1
1
1
1
1
1
1
1
1
1
1
1
1
1
1
1
1
1
1
1
1
1
1
1
1
1
1
1
1
1
1
1
1
1
1
1
1
1
1
1
1
1
1
1
1
1
1
1
1
1
2
2
1
1
1
1
1
1
2
1
1
1
1
1
1
1
1
1
1
1
1
2
2
1
1
1
1
1
1
1
1
1
1
1
1
1
1
1
2
1
1
1
1
1
1
1
1
6
4
5
2
1
3
3
4
4
2
3
2
2
2
3
4
5
2
3
3
2
3
4
5
6
5
4
3
2
2
5
4
2
2
2
2
3
2
4
1
3
2
3
3
4
3
2
2
2
3
3
2
6
2
2
4
2
2
3
3
1
1
1
2
2
1
2
1
1
1
1
2
1
1
1
1
1
1
1
2
2
2
1
