5
5
5
5
5
6
5
5
5
5
5
5
5
5
6
5
5
6
5
5
4
6
5
5
5
5
5
5
5
5
5
6
5
5
5
5
4
5
6
5
4
6
6
6
5
5
5
5
5
5
5
5
5
5
5
4
5
5
5
6
5
6
6
4
6
5
6
7
4
6
5
5
5
5
5
6
7
8
5
7
4
6
5
6
5
5
5
4
6
5
5
5
5
5
5
5
5
5
5
5
5
6
5
5
5
5
5
5
5
5
4
6
7
37
36
37
37
33
36
12
5
5
6
5
5
5
5
5
5
5
6
5
5
5
5
5
5
5
5
5
5
5
5
5
5
5
4
6
5
5
5
6
6
4
6
5
5
5
5
5
5
5
5
5
5
5
5
10
10
5
5
5
5
5
5
5
5
5
7
6
5
5
5
5
5
14
14
5
5
5
5
5
5
5
5
5
5
5
5
5
5
5
5
5
5
5
5
5
5
5
5
6
5
5
6
11
6
5
6
7
10
8
10
12
12
8
5
7
5
6
5
5
6
6
5
5
5
5
6
5
5
5
5
5
5
6
6
6
6
5
4
6
11
5
5
6
6
5
5
5
8
6
5
5
5
5
5
5
5
5
5
5
6
6
5
5
5
5
5
5
6
6
5
5
5
6
5
7
