13
8
5
7
6
5
4
5
6
10
17
15
12
20
9
4
5
6
6
4
7
5
6
7
12
3
10
11
4
9
9
11
10
6
8
10
12
9
10
10
10
19
10
11
24
12
11
15
12
11
10
11
10
16
10
16
9
13
9
17
10
10
9
10
11
13
10
10
10
13
9
15
10
11
9
12
13
18
12
10
11
12
10
13
11
11
12
12
13
13
11
15
12
12
13
14
12
12
11
11
14
10
9
6
4
7
5
10
7
6
6
7
5
10
5
6
7
8
6
7
5
5
7
5
4
9
6
4
5
8
5
6
7
7
4
6
4
6
5
6
7
5
7
6
5
6
4
7
6
6
6
5
4
5
5
5
3
3
4
6
6
5
5
8
5
6
6
7
5
4
4
6
4
4
4
4
4
4
5
3
4
4
3
6
5
5
5
5
6
6
4
5
4
5
4
5
4
6
5
4
4
4
4
4
4
4
3
5
4
6
5
6
4
7
5
4
5
4
4
11
6
5
4
4
4
6
8
4
5
4
4
5
5
6
5
6
5
10
5
4
7
5
4
5
8
11
11
10
11
10
10
10
10
10
10
11
11
12
12
12
12
11
12
11
11
10
12
11
10
50
29
14
13
11
10
10
11
10
11
20
12
12
12
11
11
13
10
11
