31
26
30
26
30
26
30
26
30
26
28
25
28
27
30
33
30
32
29
24
29
27
27
25
29
26
28
25
28
25
29
27
28
24
30
25
28
25
27
24
26
26
28
23
28
24
27
25
28
25
29
20
26
22
28
26
28
27
28
27
33
25
25
23
29
24
27
26
31
26
31
28
32
27
28
27
23
13
16
12
17
14
16
13
17
13
16
13
21
28
30
27
30
26
30
27
31
27
28
26
30
27
30
27
30
28
30
28
32
27
28
24
29
35
41
37
39
37
39
36
41
34
38
36
39
35
38
33
39
33
33
37
37
31
35
34
36
33
36
34
40
35
38
35
39
34
37
33
35
37
33
41
38
34
39
36
38
37
37
35
37
38
37
35
38
37
38
34
42
36
37
36
38
37
39
34
39
37
38
37
41
38
38
33
36
33
39
35
39
38
40
37
41
37
38
34
38
35
38
36
38
34
36
34
38
37
37
34
39
35
35
36
35
34
35
34
38
36
36
34
38
35
37
34
39
38
37
32
35
37
39
37
35
34
31
32
41
35
37
35
45
40
40
34
40
39
40
38
44
36
41
37
41
40
32
24
28
25
25
23
29
27
29
29
29
26
36
38
42
40
40
39
44
39
40
39
41
36
41
35
42
41
43
38
43
42
44
43
