1
1
1
1
3
1
1
1
1
1
1
1
1
1
1
7
2
7
2
2
1
1
1
1
1
1
1
1
1
1
1
1
1
1
2
9
1
1
1
1
3
40
28
2
1
1
3
45
33
1
1
1
3
42
22
14
1
1
3
53
37
14
1
1
3
40
2
1
1
1
2
6
1
1
1
1
3
31
11
6
8
1
2
11
1
1
1
1
3
31
24
1
1
1
2
6
1
1
1
1
2
2
1
1
1
1
1
2
1
1
1
1
1
35
46
60
67
61
73
81
65
75
74
60
65
72
65
76
65
80
82
83
66
44
35
49
42
42
45
43
58
62
61
66
65
60
63
65
75
63
51
57
49
55
45
56
55
67
78
91
65
51
45
45
35
37
27
50
48
39
27
37
34
26
23
23
21
22
22
55
82
78
61
36
45
48
45
45
42
28
27
27
28
26
27
25
24
11
8
9
8
8
8
9
7
8
7
6
9
7
7
7
8
9
10
10
11
8
10
8
8
14
15
12
12
10
8
9
9
10
10
8
9
10
9
13
10
8
12
14
14
17
16
16
18
18
20
18
8
8
8
8
8
8
8
8
9
9
9
8
8
8
8
8
9
8
8
9
8
8
8
8
8
8
8
8
8
8
8
8
8
9
8
8
8
6
5
5
