1
2
2
2
1
2
1
2
2
2
2
1
1
1
2
3
2
7
4
8
3
2
3
2
2
2
2
2
2
2
2
2
3
2
2
14
2
2
2
2
2
62
3
2
2
2
2
2
2
2
2
2
2
68
58
24
2
2
2
2
2
2
2
2
2
3
2
2
2
2
2
2
2
2
2
2
2
2
2
2
2
1
1
2
2
2
2
2
2
2
2
2
2
2
2
24
2
2
2
1
1
2
2
2
2
2
2
2
2
2
2
2
5
56
75
40
46
35
19
2
2
2
2
2
2
2
2
2
2
2
2
2
2
2
2
2
2
2
2
2
2
2
2
2
2
2
2
2
2
2
2
2
7
2
2
2
2
2
2
2
1
1
1
2
2
2
2
2
1
2
2
2
2
1
1
2
2
2
2
2
2
2
1
2
2
2
2
2
2
2
2
2
2
2
2
2
1
1
2
2
2
2
2
2
2
2
2
2
2
2
2
2
2
2
2
2
1
1
2
2
2
2
1
1
2
2
2
2
2
2
2
2
2
2
2
2
2
2
2
2
2
2
2
2
2
2
2
2
2
2
2
2
2
2
2
2
2
2
2
2
2
2
2
2
2
2
2
2
2
2
2
2
2
2
2
2
2
2
2
2
1
1
2
2
2
2
2
2
