2
2
2
2
2
22
7
6
6
5
2
2
2
3
2
3
3
3
4
4
3
4
4
3
3
3
3
3
3
3
4
3
3
3
3
3
2
3
2
2
2
2
3
2
2
3
2
2
2
2
2
2
2
2
2
2
2
2
2
2
2
2
3
2
2
2
2
2
2
3
2
2
2
2
2
2
2
2
2
2
2
2
2
2
2
2
3
2
2
2
2
2
2
2
2
3
2
2
3
2
2
3
2
2
2
2
2
2
2
2
2
2
2
2
2
2
2
2
2
2
2
2
9
2
2
2
2
2
2
2
2
3
2
2
2
2
2
3
2
2
3
2
2
2
2
2
2
2
2
3
2
2
2
2
2
2
2
2
2
2
2
3
2
2
2
2
3
2
2
2
2
2
2
13
12
5
2
2
2
2
3
2
2
2
2
2
2
2
2
2
2
2
3
2
2
2
2
2
2
2
2
2
2
2
2
2
2
3
2
2
2
2
2
2
2
2
3
2
2
2
2
2
2
2
2
2
2
2
3
3
3
3
3
2
2
3
2
2
3
2
2
2
3
2
2
4
3
3
3
3
2
2
3
2
2
2
3
31
4
7
9
7
4
3
3
3
4
4
5
4
5
5
3
3
3
3
3
3
4
4
4
4
4
2
2
3
2
2
