24
31
26
16
15
33
31
26
20
30
40
40
39
41
39
39
45
48
56
50
53
54
54
52
52
46
49
52
46
49
48
45
45
22
18
32
51
37
23
15
16
23
18
19
17
20
15
21
17
15
19
17
16
20
18
19
13
16
16
19
15
14
19
19
15
18
17
20
16
18
20
19
16
14
16
15
13
16
16
15
15
17
15
20
16
16
16
18
18
20
20
18
18
19
17
20
19
16
18
16
18
22
23
20
17
18
16
19
16
17
15
15
15
23
19
19
16
16
18
18
19
15
14
15
14
18
16
15
16
14
17
17
16
15
15
16
15
18
19
14
17
18
16
17
15
18
15
14
18
34
60
63
62
58
61
62
61
62
63
63
57
64
61
60
60
58
63
64
64
64
65
58
58
64
64
61
60
60
62
59
63
63
60
59
63
64
65
65
63
60
16
16
16
14
13
16
14
17
14
14
14
14
14
15
16
17
14
33
38
24
16
14
16
15
16
16
19
15
14
17
17
25
15
17
14
14
15
16
21
19
19
23
22
22
20
23
21
20
22
22
21
19
21
20
22
24
22
21
22
22
21
20
21
20
20
20
20
35
23
25
23
22
29
30
22
23
23
23
28
29
24
22
20
19
20
19
22
18
21
25
20
21
21
21
29
28
32
30
