39
31
33
39
33
36
45
51
34
32
35
32
36
32
35
32
33
31
36
38
34
46
48
32
33
35
33
36
29
55
58
55
54
47
42
53
53
52
49
46
50
53
49
54
48
54
58
55
50
49
54
53
53
57
57
53
55
53
54
51
48
51
49
49
50
52
54
51
50
53
53
49
49
50
54
53
44
50
52
50
52
57
51
48
49
51
51
51
51
50
51
51
53
50
50
48
51
50
52
51
50
32
33
26
25
29
28
24
31
30
26
26
25
27
34
31
30
30
27
27
27
29
25
26
26
28
29
32
27
28
30
26
30
31
27
27
26
27
30
28
23
23
23
24
23
23
24
24
32
33
34
32
27
28
27
25
26
29
26
28
29
28
31
28
27
28
26
25
27
24
22
23
24
30
42
26
24
26
27
25
29
25
28
22
27
25
25
25
26
26
26
28
28
26
25
25
25
29
29
25
25
24
27
25
25
31
30
36
46
42
42
42
42
41
44
44
54
47
44
45
44
53
41
47
41
44
40
45
41
39
52
37
49
58
26
50
23
21
18
5
4
15
6
9
4
4
28
12
6
8
7
6
16
34
51
35
16
32
5
10
53
53
13
15
19
5
4
5
22
14
6
4
25
5
5
12
6
4
5
8
5
5
5
4
5
10
6
7
