2
2
2
2
2
3
13
46
23
2
2
2
2
2
2
2
2
2
2
2
2
2
2
2
2
2
2
2
2
2
2
2
2
2
2
2
2
4
5
5
5
19
24
3
8
5
3
5
6
6
6
6
6
4
7
7
6
6
5
4
4
5
6
3
3
3
3
3
2
5
2
2
3
3
3
4
13
14
13
7
4
4
6
4
4
6
5
7
5
3
5
5
5
3
7
6
4
7
3
5
4
7
2
5
5
3
4
3
4
4
10
17
2
3
3
4
4
4
2
2
2
2
2
2
2
2
2
2
2
2
2
2
2
2
3
6
4
3
4
9
33
13
12
6
7
2
2
2
3
19
20
23
18
17
15
3
2
2
2
2
2
2
2
2
2
2
2
2
2
2
2
2
2
2
2
2
2
2
2
2
2
2
2
2
2
2
2
2
2
2
2
2
2
2
2
2
2
2
2
2
2
2
2
2
2
2
2
2
2
2
2
2
2
2
2
2
2
2
2
3
2
2
2
2
2
2
2
5
2
2
2
2
2
2
2
2
2
2
2
2
2
2
2
2
2
2
2
2
2
2
2
2
2
2
2
2
2
4
4
39
8
2
2
2
2
2
2
2
2
2
2
2
2
2
2
2
2
2
2
2
2
2
2
2
2
2
2
2
