19
17
17
17
19
18
17
17
17
17
17
16
17
17
17
17
17
17
17
16
16
17
16
17
17
17
16
16
16
17
17
17
16
17
17
16
16
16
16
16
16
16
16
16
16
16
16
16
16
16
16
17
17
18
19
18
16
17
16
16
17
17
17
16
16
17
16
16
16
16
17
17
17
17
17
17
17
16
17
17
17
16
16
17
17
16
17
17
16
16
16
16
17
16
17
17
16
16
16
16
16
16
16
16
16
16
16
16
16
16
16
16
16
16
16
16
16
16
16
29
30
29
29
29
29
30
29
29
29
29
29
29
29
29
29
29
30
30
29
29
29
29
29
29
29
29
29
29
29
29
29
29
29
29
29
29
29
30
29
29
29
30
29
30
29
29
29
27
26
16
16
16
16
16
16
16
16
16
16
16
16
16
16
16
16
16
16
16
16
16
16
16
16
16
16
16
16
16
16
16
16
16
16
16
16
16
16
16
16
16
16
16
16
16
16
16
16
16
16
16
16
16
16
16
16
16
16
16
16
16
16
16
16
16
16
17
16
16
16
17
16
16
16
16
16
16
16
16
17
16
16
16
16
16
16
16
16
16
16
16
16
16
16
16
17
16
16
16
16
16
16
16
16
16
16
16
16
16
17
16
16
16
17
17
16
16
16
16
