3
9
14
10
9
28
3
2
2
2
2
1
1
1
1
5
7
8
9
2
8
4
21
12
5
4
3
15
13
38
25
38
48
18
0
0
1
0
0
0
0
0
0
0
0
0
0
0
0
0
0
0
1
2
3
8
8
7
2
2
1
0
12
1
7
2
21
2
1
0
12
0
0
0
0
0
0
0
0
0
0
0
0
0
0
0
0
0
0
0
0
0
0
0
0
0
0
0
1
0
0
0
0
0
0
0
0
0
0
0
0
0
0
0
0
0
0
0
0
0
0
1
1
0
0
0
0
0
0
1
0
0
0
0
1
1
0
0
0
0
0
0
0
0
0
0
1
0
0
0
0
0
0
0
0
0
0
0
1
0
0
0
0
0
0
0
0
0
0
0
1
0
0
0
0
0
0
0
0
0
0
0
1
0
0
0
0
0
0
0
0
0
0
0
1
0
0
0
0
0
0
3
2
1
1
0
6
5
1
2
2
9
2
13
1
0
1
1
0
0
0
0
0
0
0
0
0
0
0
0
1
0
0
0
0
0
0
0
0
2
0
1
2
0
1
1
1
1
4
0
3
2
2
0
1
0
2
1
1
0
0
2
0
0
0
5
5
5
4
1
4
1
0
0
1
1
2
2
1
1
3
2
1
0
2
2
0
0
