2
13
6
4
3
2
3
4
1
2
3
2
2
1
1
7
2
1
1
1
2
2
1
5
5
2
9
8
7
1
1
1
2
1
1
1
1
1
1
1
1
2
1
1
1
1
1
1
2
4
1
1
1
1
1
1
1
1
1
1
1
1
1
1
1
1
1
1
1
1
1
1
1
1
1
1
1
1
1
1
1
1
1
1
1
1
1
1
1
1
1
1
1
1
1
1
1
1
1
1
1
1
1
1
1
1
1
1
1
1
1
1
1
1
1
1
1
1
1
1
1
1
1
1
1
1
1
1
1
1
1
1
1
1
1
1
1
1
1
1
1
1
1
1
1
1
1
1
1
1
1
1
1
1
1
1
1
1
1
1
1
1
1
1
1
1
1
1
1
1
1
1
1
1
1
1
1
1
1
1
1
1
1
1
1
1
1
1
1
1
1
1
1
1
1
1
1
1
1
1
1
1
1
1
1
1
1
1
1
1
1
1
1
3
1
1
2
1
1
1
1
1
2
3
3
2
3
5
3
3
5
2
1
5
6
3
11
3
2
4
3
5
4
7
1
3
1
5
1
1
3
1
1
1
1
2
1
10
12
10
1
1
1
1
1
2
1
1
1
7
2
5
1
3
7
2
4
2
2
1
1
1
1
1
1
1
1
1
