1
1
1
1
1
1
2
1
1
0
1
2
25
6
3
2
3
2
3
2
3
2
3
2
4
3
3
2
2
2
2
2
3
2
3
2
2
2
3
2
2
2
2
2
3
2
2
2
2
2
3
2
2
2
2
2
3
2
2
2
2
2
2
2
2
2
2
2
3
2
2
2
2
2
2
2
3
2
2
2
3
2
2
2
2
2
2
2
2
2
2
2
3
2
2
2
2
2
2
2
2
2
2
2
3
2
3
2
2
2
2
2
2
2
2
2
3
2
2
2
2
3
3
3
2
2
2
2
2
2
2
2
2
2
2
2
2
2
2
2
2
2
3
3
2
2
2
2
2
2
2
2
3
2
2
2
2
2
3
2
2
2
2
2
3
2
2
2
2
2
3
2
2
2
2
2
3
2
2
2
2
2
2
2
2
2
2
2
3
2
2
2
2
2
2
2
2
2
2
2
3
2
2
2
2
2
3
2
2
2
2
2
3
2
2
2
2
2
3
2
2
2
2
2
3
2
2
2
2
2
3
2
2
2
2
2
2
2
2
2
2
3
3
2
2
2
2
2
3
2
2
2
2
2
2
2
2
2
2
2
2
2
2
2
2
2
2
2
2
2
2
2
2
2
2
2
2
2
2
2
2
2
2
2
2
2
2
2
