97
96
93
99
96
91
93
91
92
89
96
90
83
84
83
83
83
83
88
100
102
92
80
79
78
78
78
78
78
82
99
85
83
83
83
83
83
85
97
101
101
96
85
85
85
85
85
85
85
99
101
95
85
85
85
86
86
86
92
101
101
88
86
86
85
86
86
87
100
101
94
86
85
86
86
85
85
95
101
100
86
86
85
85
85
86
86
100
100
85
85
86
86
86
85
90
101
101
93
85
85
85
86
86
86
91
101
101
96
85
85
85
85
85
86
90
102
101
96
85
85
85
86
86
86
86
97
101
96
86
87
87
87
87
88
89
100
101
93
87
88
88
89
93
94
94
95
95
95
87
86
86
87
87
87
86
86
79
80
79
79
78
75
69
69
66
56
56
56
56
56
56
56
56
56
56
56
56
56
56
56
56
57
56
57
57
57
57
57
57
57
57
57
57
57
57
57
57
52
43
43
43
36
19
15
15
11
1
1
1
1
1
1
1
1
1
1
1
1
1
1
1
1
1
1
1
1
1
1
1
1
1
1
1
1
1
1
1
1
1
1
1
1
1
1
1
1
1
9
91
100
100
99
100
100
99
100
100
100
100
101
101
100
101
100
100
101
101
100
101
100
100
100
100
100
100
100
100
100
102
101
100
102
101
100
102
101
101
