104
104
104
104
104
104
97
95
98
94
99
101
100
94
86
104
86
96
96
97
103
89
91
101
98
88
102
103
97
96
100
83
83
83
83
83
83
85
103
104
103
93
84
84
84
84
84
83
88
101
104
93
83
83
83
83
83
92
104
104
103
83
83
83
83
83
83
96
104
104
90
83
83
83
83
83
85
103
104
98
83
83
83
83
83
83
99
104
100
83
83
83
83
83
83
102
104
104
91
83
83
83
83
83
83
101
104
104
93
83
84
83
83
83
84
100
104
104
94
83
83
83
83
83
83
95
104
104
94
83
83
83
83
83
83
96
104
104
89
84
83
83
83
83
83
100
104
104
95
84
82
77
76
75
76
82
86
86
86
76
76
76
76
76
76
80
86
86
82
76
85
86
86
86
77
72
72
72
58
58
58
58
58
58
58
57
43
43
43
43
43
43
43
43
43
43
43
43
39
29
29
29
29
29
29
29
20
15
15
15
15
15
15
15
15
15
15
15
15
15
9
1
1
1
1
1
1
1
1
1
1
1
1
1
1
1
1
1
1
1
1
1
1
1
1
1
1
9
99
100
84
84
84
84
84
84
84
91
103
104
94
84
84
84
84
84
84
94
103
104
104
86
85
84
84
84
84
84
92
104
104
96
84
84
84
84
84
84
