104
105
104
105
104
104
105
105
105
105
105
105
105
103
102
92
99
99
96
98
105
104
93
95
92
94
97
103
101
104
104
104
102
100
92
96
92
95
99
105
104
105
105
105
105
105
105
104
105
105
103
103
102
104
105
104
105
105
105
105
104
104
105
105
104
104
104
105
105
104
105
105
105
105
105
104
104
105
104
105
105
104
104
105
105
104
105
105
105
105
105
105
104
104
105
104
104
105
105
104
105
105
105
105
104
105
105
105
105
105
104
105
105
105
104
105
105
105
105
104
105
104
105
104
105
104
105
105
105
105
105
105
104
104
105
105
105
105
105
104
105
105
105
105
105
105
105
99
98
92
86
86
86
86
86
86
86
86
86
86
86
86
86
86
86
86
86
86
79
72
72
72
72
72
72
72
72
72
72
72
72
59
44
44
44
43
43
43
44
43
43
43
43
38
29
29
29
29
29
29
29
29
29
29
29
29
29
29
29
18
15
15
15
5
0
0
0
0
0
0
0
0
0
0
0
0
0
0
0
0
0
0
0
0
0
0
0
0
0
0
0
0
0
0
0
0
0
0
9
103
103
85
84
84
84
83
84
86
95
104
104
98
84
86
85
85
85
83
86
103
105
104
90
84
83
84
86
85
85
91
104
104
101
84
86
85
84
85
