103
105
101
104
100
100
100
103
97
103
105
99
95
97
93
92
98
94
94
101
105
102
100
98
92
92
93
96
94
96
98
92
95
96
102
94
96
96
89
91
94
97
94
89
89
92
91
95
96
104
104
101
94
91
94
94
94
94
98
94
94
101
96
96
97
92
90
94
100
104
97
94
95
96
97
95
97
92
88
88
101
102
102
102
102
102
102
102
100
97
93
90
90
105
104
105
104
105
100
93
95
98
101
95
94
95
104
105
105
105
105
105
105
105
105
105
105
105
105
105
105
105
105
105
105
105
105
105
105
105
105
105
105
105
105
105
105
105
105
104
105
105
105
105
105
105
105
105
104
99
98
98
98
98
98
98
98
98
98
98
98
98
98
98
98
98
90
79
72
72
72
72
72
72
66
58
58
58
58
58
58
58
58
58
58
58
58
58
58
50
43
40
29
29
29
29
29
29
29
29
29
29
29
29
16
15
15
15
15
15
15
15
15
15
13
0
0
0
0
0
0
0
0
0
0
0
0
0
0
0
0
0
0
0
0
0
0
0
0
0
0
0
0
0
0
0
0
0
6
71
95
100
98
95
96
98
97
96
96
96
98
97
97
96
97
97
97
97
97
97
97
97
97
97
97
97
97
97
97
97
96
95
95
95
96
96
95
95
