93
91
97
95
98
98
98
98
98
91
92
90
94
96
94
98
94
94
94
98
92
96
97
96
99
95
94
96
87
98
89
98
93
93
97
97
95
96
98
94
97
93
96
98
98
95
98
99
99
98
81
98
90
91
97
89
96
97
92
95
94
96
95
98
97
98
94
95
93
97
97
98
98
96
90
94
97
94
97
97
98
98
95
94
95
96
98
92
97
98
96
99
100
100
90
89
98
97
91
96
97
95
94
94
96
94
94
91
96
97
98
96
94
98
99
98
94
97
98
99
89
94
96
99
98
98
84
98
91
99
91
86
98
98
99
92
98
99
95
98
98
99
97
81
96
95
95
96
96
84
86
90
88
90
87
87
78
76
86
77
78
77
78
77
95
82
61
60
60
61
60
54
54
54
54
54
54
54
50
42
42
42
42
42
43
38
29
29
29
29
29
29
29
29
29
29
29
29
29
29
29
29
29
29
29
29
29
29
29
29
26
15
15
15
15
15
15
15
15
15
15
15
15
15
15
15
13
0
0
0
0
0
0
0
0
0
0
0
0
0
0
0
0
0
0
0
0
8
91
97
97
97
99
105
105
105
104
105
105
105
105
105
105
105
105
105
105
105
105
105
105
104
105
105
105
105
105
105
105
105
105
105
105
105
105
105
105
105
