104
104
104
104
104
104
104
104
104
104
104
104
104
104
104
104
104
104
104
104
102
102
102
102
102
102
102
102
102
102
102
103
102
102
103
102
102
102
102
102
104
104
104
104
104
104
104
102
102
102
104
104
104
103
102
102
102
102
102
102
102
102
102
102
102
102
103
102
102
102
102
102
102
102
102
102
102
102
102
102
102
102
102
102
102
102
102
102
102
102
102
101
102
102
102
102
102
102
102
102
102
101
102
102
102
102
101
102
102
102
102
102
102
102
102
102
102
102
102
102
103
101
101
103
102
102
102
102
102
103
104
104
104
104
104
104
104
104
104
104
104
104
102
102
102
102
102
103
104
104
104
104
104
104
104
104
104
104
104
95
86
86
79
72
72
72
68
58
55
43
32
29
29
29
29
15
15
15
15
15
15
15
15
15
15
15
15
15
15
2
0
0
0
0
0
0
0
0
0
0
0
0
0
0
0
0
0
0
0
0
0
0
0
0
0
0
0
0
0
0
0
0
1
0
0
0
0
0
0
0
0
0
0
0
0
0
0
0
0
0
0
0
0
0
0
0
0
0
9
101
105
105
105
105
105
105
105
105
105
105
105
105
105
105
105
105
105
105
105
105
105
105
105
105
105
105
105
105
105
105
105
105
105
105
105
105
105
105
