102
93
81
81
82
99
101
102
101
100
99
98
98
101
90
81
84
96
101
101
102
102
99
101
83
83
85
85
85
85
98
97
101
94
95
101
102
101
101
101
101
101
101
101
101
94
83
84
84
85
101
101
101
99
101
101
101
101
94
84
85
85
85
97
101
101
100
102
101
101
101
101
101
101
101
102
102
102
102
102
102
102
102
102
102
102
102
102
102
102
102
102
102
102
102
102
102
102
102
102
102
102
102
102
102
102
102
102
102
102
97
82
86
85
83
82
82
84
100
102
102
102
102
85
82
99
100
101
101
100
100
102
102
102
96
82
82
83
85
102
102
102
102
102
102
102
101
84
83
78
72
71
71
71
71
72
71
72
72
71
64
64
64
64
64
63
62
64
71
71
71
71
70
62
62
62
62
56
55
55
56
57
57
57
57
56
46
42
43
43
43
43
37
29
29
29
18
15
15
15
15
15
15
15
15
15
15
15
15
15
15
9
1
1
1
1
1
1
1
1
1
1
1
1
1
1
1
1
1
1
1
1
1
1
1
1
1
1
1
1
1
1
1
1
1
1
1
1
9
88
101
102
102
101
103
102
102
102
102
102
102
102
102
102
103
102
102
102
102
102
101
102
101
102
102
103
103
102
103
103
103
103
103
103
102
103
102
103
