102
101
102
102
102
102
102
102
102
102
102
102
102
102
102
102
102
102
102
102
102
102
102
102
102
102
102
102
102
102
101
102
102
102
102
102
101
102
102
102
102
102
102
102
102
102
102
102
102
102
102
102
102
102
102
101
102
102
102
102
102
102
102
102
102
102
102
102
101
102
102
102
102
102
102
102
102
102
102
102
102
102
102
102
102
102
102
102
102
102
102
102
102
102
102
102
102
102
102
102
102
102
102
102
102
102
102
102
102
102
102
102
102
102
102
102
102
102
102
102
102
102
102
102
102
102
102
102
102
102
102
102
102
102
102
102
102
102
102
102
101
101
102
102
102
102
102
100
100
97
97
97
92
85
85
85
85
85
85
69
57
57
57
57
57
57
57
57
57
57
57
57
57
57
57
57
57
57
57
57
57
47
43
43
43
31
29
29
29
29
29
29
29
16
15
15
15
15
15
15
5
0
0
0
0
0
0
0
0
0
0
0
0
0
0
0
0
0
0
0
0
0
0
0
0
0
0
0
0
0
0
0
0
0
0
0
0
0
0
0
0
0
0
0
0
0
0
9
94
102
102
102
101
102
102
102
102
102
102
102
102
102
102
102
102
102
102
102
102
102
102
102
102
102
102
102
101
102
102
102
102
102
102
102
102
102
102
102
