101
102
102
101
102
101
101
102
101
101
102
101
102
101
101
102
101
101
102
100
102
102
101
102
102
101
102
101
101
102
100
102
101
101
102
101
102
102
101
102
102
101
102
101
101
102
100
102
101
101
102
101
101
102
101
102
102
101
102
101
102
102
101
102
102
101
102
102
101
102
101
101
102
101
102
102
101
102
101
101
102
100
102
102
101
102
102
101
102
101
101
102
101
102
102
101
102
101
101
102
101
102
102
101
102
102
101
102
101
102
102
101
102
102
101
102
101
102
102
101
102
101
100
102
101
101
102
101
101
102
101
102
102
101
102
102
102
102
101
102
102
100
102
101
101
102
102
102
101
100
102
102
101
102
102
101
102
101
101
102
98
96
96
96
96
96
93
84
84
84
85
85
85
85
85
85
85
85
80
71
71
71
71
71
71
71
71
71
71
71
71
66
57
57
57
57
57
57
57
57
57
57
57
57
57
57
47
43
41
29
28
15
15
15
15
15
15
15
15
15
15
15
15
15
15
15
15
15
15
15
15
15
15
15
15
15
15
4
0
0
0
0
0
0
0
0
0
0
9
101
103
102
102
101
102
102
102
102
102
102
102
101
102
102
102
102
102
102
102
102
103
102
102
102
102
102
102
102
102
102
102
102
102
102
102
102
102
102
