103
103
103
104
104
104
104
103
103
103
103
103
99
88
98
89
73
58
45
31
29
25
15
65
104
101
99
103
102
102
102
103
101
99
89
84
70
55
17
15
96
69
25
20
15
15
15
15
15
26
80
78
36
48
27
0
74
100
99
100
98
65
55
44
42
41
41
40
40
39
56
71
71
71
94
96
80
66
45
40
39
40
54
98
99
99
99
100
98
100
99
98
101
101
100
98
86
72
66
61
40
40
38
27
27
26
14
14
10
82
51
9
1
1
1
1
1
1
1
1
1
1
1
1
1
1
1
1
1
1
1
1
8
1
1
1
1
1
1
1
1
1
1
1
1
1
1
1
1
1
1
1
1
1
1
1
1
1
1
1
1
1
1
1
1
1
1
1
1
1
1
1
1
1
1
1
1
1
1
1
1
1
1
1
1
1
1
1
1
1
1
1
1
1
1
1
1
1
1
1
1
1
1
1
1
1
1
1
1
1
1
1
1
1
1
1
1
1
1
1
1
1
1
1
1
1
1
1
1
1
1
1
1
1
1
1
1
1
1
1
1
1
1
1
1
1
1
1
1
1
1
5
2
1
1
1
1
1
1
1
1
1
1
1
1
1
1
1
1
1
1
1
1
1
1
1
1
1
1
1
1
1
1
1
1
1
1
1
