0
0
0
0
0
0
62
105
104
98
103
102
102
103
103
103
102
94
97
90
83
32
7
94
81
45
3
2
0
0
0
7
102
99
103
103
103
104
104
90
103
104
103
102
104
103
103
104
102
103
101
102
102
88
101
103
104
104
104
103
103
102
103
100
102
85
102
101
100
101
102
103
101
102
101
103
103
104
105
104
103
95
56
22
14
14
3
0
0
0
0
1
76
100
35
2
4
72
13
0
0
0
0
0
0
0
0
0
0
0
0
0
0
0
0
7
1
0
0
0
0
0
0
0
0
0
0
0
0
0
0
0
0
0
0
0
0
0
0
0
0
0
0
0
0
0
0
0
0
0
0
0
0
0
0
0
0
0
0
0
0
0
0
0
0
0
0
0
0
0
0
0
0
0
0
0
0
0
0
0
0
0
0
0
0
0
0
0
0
0
0
0
0
0
0
0
0
0
0
0
0
0
0
0
0
0
0
0
0
0
0
0
0
0
0
0
0
0
0
0
0
0
0
0
0
0
0
0
0
0
0
0
1
1
4
1
1
0
0
0
0
31
35
0
0
0
0
0
0
0
0
0
0
0
0
0
0
0
0
0
0
0
0
0
0
0
0
0
0
0
0
0
0
0
0
0
1
0
0
0
0
0
0
0
0
0
0
0
