29
28
15
15
36
98
97
98
98
98
97
97
97
98
97
97
87
73
59
44
25
19
16
15
15
11
7
102
101
104
104
104
104
104
88
102
99
101
102
103
102
103
104
104
104
102
103
104
96
104
104
103
103
103
102
102
99
102
103
101
88
102
101
101
102
103
102
102
97
100
103
104
103
103
95
94
90
81
68
69
57
51
43
42
23
14
12
76
98
55
5
4
84
5
0
0
0
0
0
0
0
0
1
0
0
0
0
0
0
0
7
0
0
0
0
0
0
0
0
0
0
0
0
0
0
0
0
0
0
0
0
0
0
0
0
0
0
0
0
0
0
0
0
0
0
0
0
0
0
0
0
0
0
0
0
0
0
0
0
0
0
0
0
0
0
0
0
0
0
0
0
0
0
0
0
0
0
0
0
0
0
0
0
0
0
0
0
0
0
0
0
0
0
0
0
0
0
0
0
0
0
0
0
0
0
0
0
0
0
0
0
0
0
0
0
0
0
0
1
0
0
0
0
0
0
0
1
1
7
3
2
0
0
0
0
0
29
65
32
3
0
0
0
0
0
0
0
0
0
0
0
0
0
0
0
0
0
0
0
0
0
0
0
0
0
0
0
0
0
0
0
0
0
0
0
0
0
0
1
0
0
0
0
0
0
0
0
0
