67
103
102
101
103
100
102
102
99
99
98
100
101
93
84
84
61
55
32
23
25
15
15
15
15
15
27
82
77
42
34
51
15
44
98
97
98
94
94
95
93
92
93
93
93
92
92
81
98
99
98
98
99
92
92
94
95
95
93
74
97
97
98
97
97
98
97
91
96
99
98
94
84
80
75
66
66
52
53
52
54
54
54
54
54
51
78
102
64
20
17
75
13
0
0
0
0
1
1
1
1
1
1
1
1
1
1
1
1
8
1
1
1
1
1
1
1
1
1
1
1
0
1
0
0
0
0
1
0
0
0
0
0
0
0
0
0
0
0
1
0
0
0
0
0
0
0
0
0
0
0
0
0
0
0
0
0
0
0
0
0
0
0
0
0
0
0
0
0
0
0
0
0
0
0
0
0
0
0
0
0
0
0
0
0
0
0
0
0
0
0
0
0
0
0
0
0
0
0
0
0
0
0
0
0
0
0
0
0
0
0
0
0
0
0
0
0
1
0
0
0
0
0
0
2
1
1
14
20
1
0
0
0
0
0
39
41
13
0
0
0
0
0
0
0
0
0
0
0
0
0
1
1
1
1
1
1
1
1
1
1
1
1
1
1
1
0
1
0
0
1
1
0
0
0
0
1
0
0
0
0
0
0
0
0
0
0
0
