71
58
93
84
40
29
29
29
23
15
15
66
98
96
95
102
102
102
102
103
99
101
101
99
81
69
62
56
40
14
11
4
1
0
0
0
8
101
99
103
103
104
104
104
79
104
103
103
103
104
102
102
101
103
103
103
100
100
92
98
103
103
103
102
102
97
102
101
100
100
84
101
101
101
100
102
100
100
102
101
103
102
103
99
95
95
85
69
68
60
42
42
43
43
43
42
32
69
103
25
0
5
77
23
6
0
0
0
0
0
0
0
0
0
0
0
0
0
0
0
7
0
0
0
0
0
0
0
0
0
0
0
0
0
0
0
0
0
0
0
0
0
0
0
0
0
0
0
0
0
0
0
0
0
0
0
0
0
0
0
0
0
0
0
0
0
0
0
0
0
0
0
0
0
0
0
0
0
0
0
0
0
0
0
0
0
0
0
0
0
0
0
0
0
0
0
0
0
0
0
0
0
0
0
0
0
0
0
0
0
0
0
0
0
0
0
0
0
0
0
0
0
0
0
0
0
0
0
1
0
0
1
2
1
9
34
10
1
39
44
9
0
0
0
0
0
29
36
1
0
0
0
0
0
0
0
0
0
0
0
0
0
0
0
0
0
0
0
0
0
0
0
0
0
0
0
0
1
0
0
0
0
0
0
0
0
0
0
