58
58
58
58
58
58
58
71
103
102
101
100
99
99
100
100
100
99
99
99
92
71
44
41
32
30
29
25
15
15
27
77
59
46
52
39
0
77
100
93
92
97
82
81
81
78
67
68
69
68
68
76
99
99
73
68
67
66
65
65
65
66
67
72
99
100
99
99
100
99
94
89
93
99
100
100
87
59
46
37
15
6
0
0
0
0
0
0
0
1
82
53
3
0
0
0
0
0
0
0
0
0
0
0
0
0
0
0
0
0
0
0
0
0
0
0
0
0
0
0
0
0
0
0
0
0
0
0
0
0
0
0
0
0
0
0
0
0
0
0
0
0
0
0
0
0
0
0
0
0
0
0
0
0
0
0
0
0
0
0
0
0
0
0
0
0
0
0
0
0
0
0
0
0
0
0
0
0
0
0
0
0
0
0
0
0
0
0
0
0
0
0
0
0
0
0
0
0
0
0
0
0
0
0
0
0
0
0
0
0
0
0
0
0
0
0
0
0
0
0
0
0
0
0
0
0
0
1
0
0
0
0
1
0
0
0
0
0
0
0
0
1
0
0
0
0
0
0
0
0
0
0
0
0
0
0
0
0
0
0
0
0
0
0
0
0
0
0
0
0
0
0
0
0
0
0
0
0
0
0
0
0
0
0
0
0
0
0
