95
95
95
94
95
95
95
95
95
95
95
93
96
95
96
95
95
86
95
95
95
95
96
96
95
95
95
95
95
94
94
91
88
89
85
76
58
48
46
36
41
44
44
40
37
36
38
32
15
25
65
42
28
38
37
14
36
80
84
85
78
87
89
92
93
94
92
94
94
95
89
92
89
86
81
77
79
81
84
83
82
84
79
86
80
77
79
83
83
81
81
83
82
79
73
79
79
82
92
87
81
81
81
80
82
83
82
82
79
73
91
74
71
71
79
73
60
38
34
17
12
13
13
13
12
12
13
13
13
2
0
0
0
0
0
0
0
0
0
0
0
0
0
0
0
0
0
0
0
0
0
0
0
0
0
0
0
0
0
0
0
0
0
0
0
0
0
0
0
0
0
0
0
0
0
0
0
0
0
0
0
0
0
0
0
0
0
0
0
0
0
0
0
0
0
0
0
0
0
0
0
0
0
0
0
0
0
0
0
0
0
0
0
0
0
0
0
0
0
0
0
0
0
0
0
0
0
0
0
0
0
1
0
0
0
0
0
0
0
0
1
0
0
0
0
0
1
1
1
0
18
1
1
4
0
0
0
0
22
54
5
0
0
0
0
0
0
0
0
0
0
0
0
0
0
0
0
0
0
0
0
0
0
0
0
0
0
0
