93
87
91
97
98
97
96
96
94
93
89
83
76
71
72
70
56
60
42
33
21
14
14
14
14
22
61
54
39
38
37
14
40
80
90
92
93
94
95
95
94
93
92
85
85
85
83
92
93
93
93
89
82
83
82
83
85
85
75
92
92
92
93
92
92
93
92
84
92
93
92
92
92
92
92
84
87
87
88
88
88
87
86
85
84
78
92
76
72
73
86
87
83
70
63
63
52
49
47
46
23
12
12
3
1
1
1
1
1
1
1
1
1
1
1
1
1
1
1
1
1
1
1
1
0
0
0
0
0
0
0
0
0
1
1
0
0
0
0
0
0
1
0
0
0
0
1
0
0
0
0
0
0
0
0
0
0
0
1
0
0
0
0
0
0
0
0
0
0
0
0
0
0
0
0
0
0
0
0
0
0
0
0
0
0
0
0
0
0
0
0
0
0
0
1
0
0
0
0
0
0
0
0
0
1
0
0
0
0
0
0
0
0
0
0
0
1
1
1
1
1
1
1
1
1
1
15
15
3
1
1
1
1
1
26
68
42
19
1
1
1
1
1
1
1
1
1
1
1
1
1
1
1
1
1
1
1
1
1
1
1
1
1
1
1
1
1
1
1
1
1
1
1
1
0
0
0
1
1
0
0
0
0
0
0
0
1
0
