7
66
0
1
0
0
0
1
1
54
94
39
15
5
0
0
0
0
0
0
0
0
8
102
103
103
103
103
103
103
103
103
103
103
103
103
103
103
103
103
103
103
101
68
54
17
76
81
53
19
15
15
15
6
0
0
0
13
97
75
19
75
102
17
30
96
35
15
4
0
0
1
0
0
0
0
0
41
102
103
103
103
102
103
103
103
103
103
103
103
103
103
103
103
103
103
103
103
102
102
103
102
98
97
97
97
97
101
102
103
102
102
82
62
78
77
37
27
26
101
96
90
71
69
57
57
49
99
103
103
92
73
71
70
71
103
101
55
43
43
43
48
103
103
103
103
103
103
103
103
103
103
103
103
103
103
103
103
100
75
57
57
57
57
57
57
57
57
84
91
102
93
71
65
57
57
57
59
99
77
43
29
25
15
77
86
75
70
19
0
1
1
0
0
0
0
0
0
0
0
0
0
20
103
103
103
104
104
104
104
104
103
103
104
100
97
98
86
63
25
15
3
0
0
0
0
0
0
0
0
0
0
4
99
103
103
103
103
103
103
103
103
103
104
104
104
103
104
102
98
97
63
43
85
68
37
0
64
23
57
0
20
26
85
37
1
1
1
1
0
0
0
0
1
88
51
12
0
0
0
25
93
103
103
103
103
104
103
