29
29
24
2
1
0
0
0
0
6
99
42
15
15
15
3
0
0
0
22
103
103
103
103
103
103
104
103
104
104
104
104
104
104
104
103
104
104
103
103
103
103
85
58
58
59
94
97
92
71
53
26
6
0
0
0
0
0
68
83
17
75
103
18
14
96
54
31
15
15
15
11
1
0
0
0
1
0
0
0
0
0
2
94
104
104
103
103
104
103
104
103
104
104
104
103
104
104
103
101
102
103
89
79
58
58
58
92
103
102
102
101
94
86
79
67
58
58
58
58
65
101
102
100
102
101
101
102
100
102
100
102
102
100
103
102
102
102
100
102
100
102
102
101
102
101
103
100
103
101
102
102
101
103
101
103
101
103
102
101
102
100
103
102
100
98
97
98
97
99
101
101
89
69
57
56
30
15
1
1
1
1
1
1
1
0
0
0
0
0
0
0
0
0
0
0
0
0
0
0
0
0
0
0
0
0
0
0
0
0
0
0
0
0
0
0
1
0
0
0
0
0
0
0
0
0
0
0
0
0
0
0
0
0
1
1
0
0
0
0
0
0
0
0
0
0
0
0
0
0
0
0
0
4
99
104
104
104
104
104
104
104
103
104
104
100
98
98
95
87
66
17
0
0
0
0
0
0
0
0
0
0
0
0
0
0
0
0
