4
4
4
4
5
4
5
4
4
4
4
4
4
4
4
4
4
4
4
4
7
8
4
4
4
4
4
4
4
4
4
6
5
5
4
4
4
4
4
4
4
4
5
4
4
5
6
4
4
9
5
4
4
7
5
4
4
4
5
4
4
4
4
4
4
8
7
5
4
4
4
4
4
4
4
4
4
6
5
8
4
7
4
4
4
7
4
6
4
4
4
7
9
8
5
8
6
4
5
11
4
4
4
5
4
4
6
4
8
8
8
4
4
4
4
4
4
4
4
5
5
4
4
4
4
4
5
4
4
6
4
5
4
4
6
4
4
4
4
4
4
6
4
4
4
4
4
4
5
4
4
4
4
4
4
4
4
6
4
4
4
4
4
4
6
6
4
4
5
4
4
8
4
4
4
4
8
6
4
10
10
7
4
4
4
5
5
4
5
5
5
4
4
4
6
7
4
4
4
4
4
4
4
7
6
4
4
6
4
7
8
6
4
4
5
6
4
4
4
4
4
7
5
4
4
4
4
7
4
4
4
4
5
4
5
4
4
4
4
6
6
4
4
5
5
6
4
4
4
4
6
4
4
6
5
4
4
7
11
11
5
4
4
5
4
5
6
4
4
4
4
5
4
5
8
13
8
4
4
4
8
4
4
6
4
5
4
4
