32
26
3
0
0
0
0
0
0
9
94
32
15
15
7
0
0
0
0
27
97
97
97
97
97
97
97
97
97
97
97
97
97
97
97
97
97
97
97
97
97
97
97
97
97
97
96
83
65
61
44
31
15
0
0
0
0
0
61
77
15
13
12
14
32
68
39
29
15
15
10
0
0
0
0
0
0
0
0
0
0
0
3
66
73
76
77
79
78
78
82
81
83
85
84
88
87
85
87
84
86
87
84
85
74
51
43
76
93
93
91
94
93
96
96
96
96
96
96
96
96
96
96
96
96
96
96
96
96
96
96
97
96
96
96
96
96
96
96
96
96
96
96
96
96
97
96
96
96
96
96
96
97
96
96
96
96
96
96
96
96
96
96
97
96
87
63
55
50
61
69
62
60
58
55
44
12
1
1
1
1
1
1
1
1
1
1
1
1
1
1
1
1
1
1
1
1
1
1
1
1
1
1
1
1
1
0
0
0
0
0
0
1
1
1
1
1
1
0
1
1
1
1
0
1
1
0
0
0
0
0
0
0
1
1
0
1
1
1
0
1
1
0
0
1
1
0
1
1
1
1
0
0
2
78
87
97
82
94
85
98
93
92
80
90
98
98
98
88
47
19
13
0
0
1
1
1
1
1
1
1
1
0
1
0
0
0
0
