7
71
0
1
1
0
1
1
1
53
93
37
15
2
1
1
1
1
1
1
1
1
7
99
100
102
101
100
102
101
100
102
102
101
101
102
101
100
102
102
101
100
94
68
58
55
77
98
66
44
43
35
25
3
1
1
1
13
100
82
16
71
101
17
31
93
30
8
0
1
0
0
1
1
1
1
1
39
100
101
101
102
102
101
101
101
102
101
102
100
102
101
102
101
100
102
100
101
100
100
101
100
92
86
81
72
72
93
97
92
92
92
89
91
95
81
58
58
58
58
63
100
101
102
101
102
102
100
101
102
100
102
102
100
101
102
101
101
102
101
101
102
101
100
102
101
101
102
101
100
102
101
100
102
102
100
102
102
100
102
102
100
102
102
101
102
98
97
102
102
101
101
102
102
99
97
93
80
97
80
29
15
15
15
86
100
62
47
28
15
6
0
1
0
0
0
1
1
1
1
1
1
20
101
102
100
101
102
101
101
102
101
101
101
102
103
103
103
98
61
35
14
1
1
1
1
1
1
1
1
1
1
4
96
102
101
100
102
101
100
102
102
100
102
102
100
102
97
96
97
98
90
45
77
51
34
0
62
16
57
0
25
22
89
23
1
0
0
0
0
0
0
1
1
24
2
1
1
1
1
25
95
103
104
103
103
103
103
