7
66
1
1
1
0
0
0
0
51
71
37
10
0
0
0
0
0
0
0
0
0
6
79
79
81
80
82
85
83
85
87
91
91
92
98
95
98
97
94
99
94
99
94
98
96
92
89
81
69
52
18
14
11
11
3
1
1
42
92
22
69
96
16
3
81
67
17
15
15
9
0
1
0
1
1
1
37
96
96
96
96
96
77
94
92
96
100
100
97
90
97
90
97
92
97
93
95
94
94
97
90
83
62
41
40
39
72
86
97
92
98
96
96
96
96
96
96
89
85
86
96
96
96
96
96
96
96
96
96
96
96
96
96
96
96
96
96
96
96
96
96
96
96
96
96
96
96
96
96
96
96
96
96
96
96
96
96
96
96
96
96
96
96
96
95
96
96
96
96
96
96
88
72
72
57
43
46
94
72
38
29
19
15
62
54
38
17
0
0
0
0
0
0
1
1
1
1
1
1
1
1
25
96
96
96
96
96
96
96
96
96
96
96
96
96
96
96
84
45
15
15
6
1
1
2
1
1
1
1
1
1
5
92
96
96
96
96
96
96
96
96
96
96
96
96
96
96
96
96
96
96
80
88
76
51
4
57
18
61
0
22
23
79
32
0
0
1
1
0
0
0
1
0
1
1
0
1
1
1
25
91
96
96
96
96
96
96
