58
1
0
1
1
0
0
0
59
70
38
10
0
0
0
0
0
0
0
0
0
8
73
73
73
73
73
72
73
73
73
73
73
73
73
73
73
73
73
72
73
75
76
76
75
74
73
83
66
50
34
19
12
12
12
12
12
25
71
80
79
44
5
14
102
41
15
15
15
15
15
15
15
15
15
15
15
15
15
15
15
16
68
72
72
72
73
72
72
72
72
73
73
73
72
72
73
72
72
72
72
73
73
75
78
81
73
72
72
71
67
64
60
66
74
72
67
54
48
55
72
73
73
75
77
84
72
71
71
72
77
91
94
85
71
74
86
94
93
93
91
71
72
72
72
71
71
71
72
72
72
72
72
72
71
71
72
71
69
68
68
68
68
68
69
88
97
101
101
102
102
99
97
97
97
97
94
86
86
86
86
86
86
86
78
49
36
20
15
15
15
11
0
0
1
1
1
1
1
1
1
1
59
82
21
15
15
15
15
15
15
15
15
15
15
15
15
15
15
15
15
15
15
15
15
15
15
15
15
15
15
15
99
102
103
102
103
101
103
103
101
103
102
103
101
103
102
98
94
71
35
22
75
52
38
0
64
19
63
0
19
23
91
60
18
1
0
0
1
1
0
0
0
1
0
1
1
1
1
26
95
104
103
102
103
102
104
102
