7
65
0
0
0
0
0
0
0
46
98
49
24
15
2
0
0
0
0
0
0
0
7
72
72
72
72
72
72
72
72
72
72
72
72
72
72
72
73
72
72
72
72
72
72
70
68
66
59
44
20
11
32
100
100
102
102
102
87
80
102
102
103
30
5
99
49
15
14
1
0
0
1
0
0
0
0
39
102
102
102
103
103
103
103
103
103
103
103
103
103
103
103
103
103
103
102
101
102
102
102
102
85
77
97
97
97
101
103
103
103
99
65
66
65
62
48
42
41
70
69
72
71
60
59
51
30
68
72
72
70
65
59
40
49
72
67
55
27
27
26
30
72
72
72
72
72
72
72
72
72
72
72
72
72
72
72
72
72
72
72
72
72
72
72
92
75
38
76
88
90
96
95
96
96
96
96
96
96
97
97
97
95
86
77
56
43
35
15
15
15
15
8
0
0
0
0
0
0
0
0
1
0
37
71
44
15
10
0
0
0
63
100
101
102
101
98
98
87
75
37
29
29
29
29
23
15
15
13
1
1
1
5
99
102
100
102
102
101
102
100
103
102
102
102
101
103
101
103
98
80
33
29
79
51
38
1
41
14
66
1
31
20
81
36
0
0
0
1
1
1
1
1
1
1
1
1
1
1
1
25
89
103
101
102
102
101
102
