47
1
0
1
1
1
1
1
6
71
66
22
15
5
1
1
1
1
1
1
1
10
71
71
71
71
71
71
71
71
71
71
71
71
71
71
71
71
71
71
70
68
68
68
68
67
68
60
53
37
10
41
99
98
99
98
99
93
71
93
98
100
24
6
71
64
17
15
7
1
1
1
1
1
1
1
49
103
102
102
102
101
99
101
103
102
102
102
101
103
102
101
103
101
102
102
101
102
101
101
101
86
85
86
85
86
96
103
101
102
102
87
70
68
63
58
39
38
79
75
67
63
60
54
51
41
69
72
72
70
58
30
26
44
72
61
37
27
27
27
30
71
71
71
71
72
72
72
71
71
71
71
71
71
71
71
71
71
72
72
72
72
73
72
65
59
56
73
70
73
75
75
75
67
73
79
70
70
70
71
70
57
57
58
50
29
29
18
5
1
1
1
1
1
1
1
1
1
1
1
1
1
51
91
23
15
13
1
1
1
62
102
102
103
103
103
102
102
97
80
57
51
43
43
41
25
2
1
1
1
1
5
99
102
101
100
101
101
102
102
101
102
101
102
101
98
85
85
75
61
28
15
74
44
34
4
44
12
44
1
15
20
58
28
1
1
1
1
1
1
1
1
1
1
1
1
1
1
1
26
92
103
102
102
102
101
102
100
