7
66
0
0
0
0
0
0
0
6
100
42
15
12
0
0
0
0
0
0
0
0
7
101
102
101
102
102
102
102
102
102
102
102
102
102
102
101
102
101
102
102
102
102
102
102
102
102
99
98
88
67
29
15
2
0
0
0
64
69
8
75
102
17
4
97
41
1
0
0
0
0
0
0
0
0
0
43
102
102
102
102
102
102
102
102
101
102
102
102
102
102
102
102
102
102
102
102
102
102
102
101
94
86
82
60
33
93
102
101
102
100
97
98
97
98
98
98
98
98
98
102
102
102
102
102
102
102
102
102
102
102
102
102
102
101
103
103
103
102
102
102
102
102
102
102
102
102
101
102
102
102
102
102
102
102
102
100
98
83
71
71
65
46
43
37
29
9
97
102
101
102
102
102
102
102
102
102
102
100
98
98
87
66
48
4
0
0
0
0
0
0
0
0
0
0
0
0
0
0
0
0
0
51
77
11
0
0
0
0
0
64
101
102
102
100
85
85
80
63
50
15
15
15
15
15
15
8
0
0
0
0
2
29
29
29
29
29
29
29
29
29
29
29
24
15
8
0
0
25
32
0
0
69
47
38
0
63
20
66
0
21
22
93
42
5
0
0
0
0
0
0
0
0
0
0
0
0
0
0
27
88
102
103
104
103
104
104
