13
55
1
1
1
1
1
1
1
9
83
44
9
1
1
1
1
1
1
1
1
1
0
1
1
0
81
96
96
96
96
96
96
96
96
96
96
96
96
96
96
96
96
82
33
9
79
74
44
17
15
6
38
96
96
96
96
96
96
96
96
97
97
22
10
96
35
5
0
1
1
1
1
1
1
1
1
46
97
97
97
97
97
101
102
103
102
103
103
101
101
101
100
100
101
100
99
100
100
99
101
102
99
96
86
86
73
98
100
102
102
100
97
73
83
93
62
57
46
43
51
102
101
101
102
101
103
101
103
102
102
102
101
102
102
103
102
102
102
101
103
102
102
103
101
103
101
103
102
102
103
101
103
101
103
102
102
103
101
103
102
102
103
102
103
101
102
102
102
100
101
99
94
85
83
71
72
71
69
103
92
54
44
34
15
0
0
0
0
0
0
1
1
1
1
1
1
1
1
1
1
1
1
39
77
32
7
1
1
1
1
61
102
103
103
103
104
100
86
75
72
72
72
65
37
24
15
15
15
15
15
11
1
1
72
103
102
70
30
15
10
1
1
0
0
0
0
0
0
18
23
0
0
71
53
34
1
63
18
64
1
18
23
85
39
14
1
1
1
1
1
1
1
1
1
1
1
1
1
1
5
91
104
104
104
104
104
104
