51
21
4
1
1
1
1
1
1
7
97
71
51
10
0
1
1
1
1
24
105
105
101
104
105
105
104
105
105
105
105
104
104
104
103
104
104
103
103
101
101
101
102
100
100
90
92
93
93
88
70
63
23
0
0
0
0
0
60
65
10
71
102
10
21
93
38
22
9
0
0
0
0
0
0
0
0
0
0
0
0
0
2
88
101
102
102
100
99
99
100
99
99
99
99
100
99
101
103
102
102
104
105
104
104
103
101
98
101
103
104
101
70
54
29
1
0
0
0
0
8
99
104
104
104
104
103
91
103
102
102
102
102
102
95
101
100
100
100
99
99
98
99
102
102
102
101
101
99
99
100
100
101
100
99
99
99
100
100
90
81
81
80
81
80
80
80
77
70
61
93
76
57
35
23
0
0
0
0
0
0
0
0
0
0
0
0
0
0
0
0
0
0
0
0
0
0
0
0
0
0
0
0
0
0
0
0
0
0
0
0
0
0
0
0
0
0
0
0
0
0
0
0
0
0
0
0
0
0
0
0
0
0
0
0
0
0
0
0
0
0
0
0
0
0
0
0
0
0
0
0
0
0
2
88
93
92
90
88
88
88
88
87
86
87
91
100
98
88
78
45
31
11
1
1
1
1
1
1
1
1
1
1
1
1
1
1
1
