3
0
0
0
0
0
0
0
0
8
93
72
61
32
0
0
0
0
0
25
104
103
104
103
103
104
104
103
104
104
104
104
104
104
104
104
104
104
104
103
104
101
98
98
98
98
101
102
82
69
35
16
15
8
0
0
0
0
58
72
13
69
104
17
16
87
39
23
12
0
0
0
0
0
0
0
0
0
0
0
0
0
2
95
104
104
104
104
104
104
104
104
104
104
104
104
104
103
103
104
104
104
104
104
104
104
104
104
104
104
104
96
52
15
3
0
0
0
0
0
21
104
104
103
104
104
104
105
104
104
104
104
104
104
104
104
104
104
104
104
105
105
104
104
104
104
104
104
104
105
104
104
104
104
104
105
104
104
102
89
72
64
43
43
40
29
29
29
22
49
103
104
101
86
37
15
15
1
0
0
0
0
0
0
0
0
0
0
0
0
0
0
0
1
0
0
0
0
0
0
0
0
0
0
0
0
0
0
0
0
0
0
0
0
0
0
0
0
0
0
0
0
0
0
0
0
0
0
0
0
0
0
0
0
0
0
0
0
0
0
0
0
0
0
0
0
0
0
0
0
0
0
0
5
100
104
104
104
104
105
104
104
104
104
104
104
100
78
48
19
0
0
0
0
0
0
0
0
0
0
0
0
0
0
0
0
0
1
