13
56
1
1
1
1
1
1
1
8
78
47
7
1
1
1
1
2
2
2
2
2
2
2
2
2
86
103
103
103
103
102
103
103
103
103
102
103
42
99
100
96
93
70
35
29
65
94
46
28
15
14
25
96
97
98
99
100
100
98
98
100
99
29
4
98
53
15
1
0
0
0
0
0
0
0
0
26
29
29
29
29
32
94
100
100
100
100
100
100
100
101
100
100
100
102
102
100
102
102
100
100
85
85
85
68
57
94
102
99
102
101
75
57
57
57
57
57
57
57
67
102
100
100
102
99
101
101
99
101
100
100
102
100
99
101
101
99
101
100
100
101
100
99
101
101
99
101
101
100
99
101
101
99
100
101
100
99
101
101
98
94
84
80
66
57
46
38
96
97
100
100
96
96
96
94
84
74
71
71
71
58
57
43
24
11
0
0
0
0
0
0
0
0
0
0
0
0
0
0
0
0
0
53
72
17
0
1
0
0
0
0
0
0
0
0
0
0
0
0
0
0
0
1
0
0
0
0
0
0
0
0
0
0
1
0
0
0
0
0
0
0
0
0
0
0
1
0
0
20
26
1
1
67
43
39
0
57
18
61
1
14
22
75
50
7
1
1
1
1
1
1
1
1
1
1
1
1
1
1
5
92
99
100
100
100
101
100
