13
54
0
0
0
0
0
0
0
9
98
30
0
0
0
0
0
0
0
0
0
0
0
0
0
0
89
104
104
105
104
104
104
105
105
104
104
104
104
104
105
105
105
104
104
104
104
105
105
105
105
96
70
32
2
0
0
0
21
86
39
77
105
10
6
100
46
13
0
0
0
0
0
0
0
0
0
0
0
0
0
0
2
92
103
102
103
103
103
103
103
102
102
103
102
99
100
101
103
103
102
102
97
97
97
97
97
101
103
101
102
99
77
23
66
88
48
20
24
100
94
101
75
64
57
57
49
97
103
103
77
71
58
47
62
103
103
66
57
57
51
48
103
102
102
103
102
103
103
103
103
102
103
103
103
102
103
103
103
103
102
102
103
102
103
103
100
90
100
86
102
88
84
58
43
43
43
46
102
99
50
29
24
1
88
92
63
35
29
21
15
4
0
0
0
0
0
0
0
0
0
0
0
58
75
16
6
0
0
0
0
0
0
0
0
0
0
0
0
0
0
0
0
0
0
0
0
0
0
0
0
0
0
1
0
0
0
1
0
0
0
0
0
0
0
0
0
0
0
21
22
0
0
70
49
36
0
63
20
67
0
21
20
90
42
11
0
0
0
0
0
0
0
0
0
0
0
0
0
0
10
91
102
102
102
102
102
102
