32
15
1
0
0
1
0
0
0
14
100
72
31
3
0
0
0
0
0
23
103
103
103
82
103
104
104
104
104
104
104
104
104
104
104
104
104
104
104
103
104
104
104
104
104
104
104
104
95
72
66
43
5
0
0
0
0
0
68
60
11
79
104
11
22
90
45
21
3
0
0
0
0
0
0
0
0
0
0
0
0
0
5
100
104
105
104
105
104
105
105
104
104
105
105
104
104
104
103
104
104
104
104
105
104
105
105
104
104
104
105
101
54
0
0
0
0
0
0
0
4
95
105
104
104
104
104
104
105
105
105
105
105
105
105
104
104
105
105
105
105
105
104
104
104
105
105
105
104
105
105
104
104
105
105
105
104
104
99
99
98
98
95
87
78
60
35
29
29
70
104
91
72
40
23
5
0
0
0
0
0
0
1
0
0
0
0
0
0
0
0
0
0
0
0
0
0
0
0
0
0
0
0
0
0
0
0
0
0
0
0
1
0
0
0
0
0
0
0
0
0
0
0
0
0
0
0
0
0
0
0
0
0
0
0
0
0
0
0
0
0
0
0
0
0
0
0
0
0
0
0
0
0
1
28
29
28
26
29
28
29
29
29
27
26
15
4
1
1
1
0
0
0
0
1
1
0
0
0
0
0
0
0
0
0
0
0
1
