35
9
1
1
1
1
1
1
1
13
84
37
26
15
13
1
1
1
1
27
100
100
101
100
100
99
74
71
71
71
71
72
72
72
72
72
72
72
72
72
72
71
71
71
71
77
94
85
71
48
43
43
30
21
8
1
1
1
64
69
7
71
97
10
23
89
56
28
15
9
1
1
1
1
1
1
1
1
1
1
1
1
5
76
102
102
103
103
103
103
103
103
104
104
103
103
103
104
103
101
101
97
56
43
43
43
44
92
101
101
101
101
87
84
74
71
71
71
71
71
77
102
102
104
103
103
104
102
102
103
103
102
104
103
102
103
103
102
103
103
102
103
103
102
103
103
102
103
103
102
103
104
102
102
103
103
102
103
103
102
104
103
103
102
104
103
102
102
87
90
103
103
100
86
85
76
53
39
29
29
29
29
29
16
15
15
15
15
14
1
1
1
1
1
1
1
1
1
1
1
1
1
1
1
1
1
1
1
1
1
1
1
1
1
1
1
1
1
1
1
0
0
0
0
0
0
1
1
0
0
0
0
0
0
0
0
0
0
0
1
0
0
0
0
0
0
0
0
0
0
0
1
0
0
0
0
0
0
0
0
0
0
0
1
0
0
0
0
0
0
0
0
0
0
0
1
0
0
0
0
0
0
0
0
0
0
0
1
