47
17
15
8
0
0
0
0
0
8
100
73
54
30
8
0
0
0
0
20
104
104
104
104
104
104
104
104
105
104
105
104
104
104
105
104
104
104
104
104
104
103
98
98
98
98
102
101
89
76
70
58
52
24
0
0
0
0
57
75
6
0
0
0
15
95
54
26
15
3
0
0
0
0
0
0
0
0
0
0
0
0
2
94
104
104
104
104
104
104
104
104
104
104
104
104
104
102
103
103
103
104
103
97
97
97
88
100
102
104
104
102
50
29
29
29
29
29
29
29
35
99
103
103
104
104
104
104
104
104
104
104
104
104
104
104
104
104
104
104
104
104
104
104
104
104
104
104
104
104
104
104
104
104
104
104
104
104
104
104
104
104
104
104
104
104
104
104
102
78
103
88
72
37
29
29
29
16
15
4
0
0
0
0
0
0
0
0
0
0
0
0
0
0
0
0
0
0
0
0
0
0
0
0
0
0
0
0
0
0
0
0
0
0
0
0
0
0
0
0
0
0
0
0
0
0
0
0
0
0
0
0
1
0
0
0
0
0
0
0
0
0
0
0
0
0
0
0
0
0
0
0
0
0
0
0
0
0
0
0
0
0
0
0
0
0
0
0
0
0
0
0
0
0
0
0
0
0
0
0
0
0
0
0
0
0
0
0
