0
0
0
0
0
0
2
1
0
13
99
73
41
29
10
1
0
1
0
29
103
104
104
100
101
100
81
91
104
103
104
104
104
103
103
104
103
103
103
103
103
103
98
97
86
86
96
94
86
86
75
25
0
0
0
0
0
0
63
68
21
6
0
0
22
83
39
20
14
1
0
0
0
0
0
0
0
0
0
0
0
0
0
86
101
102
103
102
103
103
103
103
103
103
104
103
102
102
103
102
101
103
102
102
103
103
103
103
103
103
103
103
97
62
12
0
0
0
0
1
7
97
103
103
101
101
103
101
101
103
102
101
103
102
100
103
102
100
103
103
100
103
103
101
103
103
101
102
102
101
100
102
102
100
101
102
101
100
102
102
101
102
93
103
103
104
99
91
93
99
99
86
58
64
69
40
29
29
29
3
1
1
1
0
0
0
1
1
1
1
1
1
0
0
0
0
0
0
0
0
0
0
1
1
0
0
1
0
0
0
0
0
0
0
0
0
0
0
0
0
0
0
0
1
0
0
0
0
0
0
0
0
0
0
0
0
0
0
0
0
0
0
0
0
0
0
0
0
0
0
0
0
0
0
0
2
1
0
0
0
0
0
0
0
3
2
1
1
0
0
0
0
0
0
0
0
0
0
0
0
0
0
0
0
0
0
0
0
