0
0
0
0
6
13
14
14
13
28
27
27
21
17
104
103
101
101
101
96
102
101
95
99
99
100
96
99
100
103
104
103
102
102
101
100
100
100
100
99
98
99
89
68
41
13
1
0
0
0
0
0
0
0
0
0
0
0
0
0
0
0
0
0
0
0
0
0
0
0
0
0
0
0
0
0
0
0
0
0
0
0
0
0
0
0
0
0
0
81
104
105
105
104
104
94
95
100
102
102
102
101
94
89
84
70
29
1
0
0
0
0
0
0
0
0
0
0
0
0
0
0
0
0
0
0
0
11
15
18
29
29
28
15
44
102
89
55
17
4
0
6
100
101
100
99
99
99
98
99
99
98
97
98
98
98
100
100
98
93
91
88
81
82
81
81
79
51
34
1
0
0
0
0
0
0
0
0
0
0
0
0
0
0
0
0
0
0
0
0
0
0
0
0
0
0
0
0
0
0
0
0
0
0
0
0
0
0
0
0
0
0
0
0
0
0
0
0
0
0
1
0
0
0
0
0
0
0
0
0
0
0
0
0
0
0
0
0
0
0
0
0
0
0
0
0
0
0
0
0
0
0
0
0
0
0
0
0
0
0
0
0
0
0
0
1
1
1
1
1
0
1
0
0
0
0
0
0
0
0
0
0
0
1
0
0
0
0
