10
11
11
10
10
11
11
13
11
9
11
12
13
12
12
12
13
12
10
13
12
8
7
9
10
11
11
11
11
10
12
11
11
10
10
9
9
10
9
9
10
12
10
13
17
13
12
10
11
10
10
10
11
10
7
8
9
9
11
11
10
9
10
9
8
6
8
13
10
14
9
8
9
8
11
10
9
7
11
8
9
8
9
8
10
10
10
9
11
9
10
9
14
10
13
11
14
15
11
11
12
8
11
11
12
8
8
10
9
9
9
10
10
10
9
9
8
8
6
6
8
8
8
7
8
9
9
7
8
8
7
7
8
7
7
6
5
7
7
6
8
6
6
5
6
5
5
6
5
5
7
6
6
6
7
6
6
6
6
7
8
5
5
6
5
5
6
5
5
4
6
5
6
6
6
5
5
5
6
5
5
5
5
6
7
6
6
5
5
4
4
4
5
4
5
5
5
5
5
7
6
7
6
6
6
5
4
6
6
7
5
6
6
6
6
7
7
8
6
7
8
7
7
8
9
9
7
9
9
7
6
6
8
8
6
6
8
7
7
7
7
7
8
7
7
6
7
9
8
7
8
8
9
8
7
8
8
8
8
9
9
9
11
10
9
9
10
9
9
7
8
8
7
9
9
10
7
7
9
8
8
8
8
8
7
7
7
8
