18
15
12
12
12
12
12
11
12
12
16
16
15
14
14
15
14
18
18
15
14
15
15
15
14
14
15
20
15
14
15
14
14
14
14
14
14
14
14
15
14
14
14
14
14
14
14
14
14
14
14
14
14
14
14
14
14
14
14
14
14
14
14
14
15
15
16
16
16
18
15
15
15
15
15
21
45
39
37
17
18
17
16
16
15
16
16
16
16
15
15
16
15
16
16
16
17
16
15
17
15
15
15
15
15
15
15
15
15
15
15
15
15
15
15
14
13
14
14
14
14
14
14
14
13
13
13
13
14
13
15
13
13
13
13
15
27
18
18
18
18
17
18
18
18
18
17
18
19
22
18
17
17
18
17
18
17
17
17
18
18
14
13
13
13
13
13
13
13
13
13
18
15
14
14
14
13
14
14
14
13
13
13
14
14
13
13
13
13
13
13
14
13
13
13
14
13
14
13
13
13
13
13
13
13
13
14
14
13
14
13
13
13
14
13
13
13
14
13
14
13
18
13
13
13
13
13
13
13
13
13
14
13
13
13
13
13
13
13
14
13
14
14
14
13
14
14
14
13
13
13
14
14
14
13
14
14
13
13
14
13
13
13
14
13
13
13
14
13
17
13
13
13
14
13
14
13
13
13
14
14
13
13
14
13
13
13
13
