7
7
7
7
8
12
6
6
6
6
7
6
6
7
7
6
7
8
7
7
7
7
7
7
7
7
7
7
7
7
7
7
7
7
7
7
7
7
7
7
7
7
7
7
7
7
7
7
7
7
7
6
7
7
7
7
7
7
7
7
7
7
7
7
7
7
7
7
7
7
6
7
7
7
7
7
7
7
7
7
7
7
7
7
7
7
7
7
7
7
7
7
7
7
7
7
7
7
7
7
7
7
10
8
7
7
7
7
7
7
7
7
7
7
7
6
7
7
7
7
7
7
7
7
7
7
7
7
7
7
6
7
7
7
7
7
7
7
7
7
7
7
7
7
7
7
7
7
7
7
7
7
7
7
6
7
7
7
7
7
7
7
7
7
6
7
7
7
7
7
7
7
7
7
7
7
7
7
7
7
7
7
7
7
7
7
7
7
7
7
7
14
7
7
7
7
7
7
7
7
7
6
7
7
7
7
6
7
7
6
7
7
7
7
7
7
7
6
7
7
7
7
7
7
6
7
7
7
7
7
7
7
7
7
7
7
7
7
7
7
7
7
7
7
7
7
11
7
7
7
7
7
7
7
7
7
7
7
6
7
7
7
7
7
7
7
7
7
7
7
7
6
7
7
7
7
7
7
7
7
7
7
7
7
7
7
7
7
