16
17
18
15
15
15
11
7
9
10
9
11
8
17
13
11
15
11
15
15
13
16
13
10
11
13
12
8
11
15
7
7
3
4
3
3
3
3
2
3
4
4
3
2
2
5
2
2
6
3
3
2
2
3
3
3
5
4
5
4
2
2
2
2
2
2
2
3
2
2
2
2
2
2
2
4
3
2
6
6
3
2
4
5
1
1
1
1
1
2
1
1
1
1
1
3
3
4
2
2
2
3
3
3
1
1
1
1
1
1
1
1
2
2
1
1
1
1
1
1
1
1
1
2
1
1
1
2
7
3
1
1
1
1
2
1
1
1
1
1
1
1
1
1
1
4
3
1
1
1
1
1
1
1
1
1
2
1
1
1
1
1
1
1
1
1
1
1
2
1
1
1
1
1
1
1
1
1
2
1
1
1
1
1
1
1
1
1
1
1
2
1
1
1
1
1
1
1
1
1
2
1
1
1
1
1
1
1
1
1
1
1
2
1
1
1
1
1
1
1
1
1
1
1
2
1
1
1
1
1
1
1
1
1
2
1
2
1
1
1
1
1
1
1
1
1
1
2
1
1
1
1
1
1
1
1
1
2
1
1
1
1
1
1
1
1
1
2
1
1
1
1
1
1
1
1
1
1
2
1
4
1
22
19
28
9
0
0
