11
41
89
90
88
92
46
41
59
67
75
71
66
56
90
94
96
96
95
72
56
55
22
34
84
84
83
84
84
66
56
10
0
36
77
88
90
90
90
86
86
41
20
24
35
59
84
86
79
89
79
87
79
47
26
19
20
22
68
78
79
87
79
85
78
87
42
38
21
21
19
20
27
32
35
26
37
25
34
23
36
23
20
26
33
20
20
24
30
25
35
26
38
25
31
25
20
22
38
36
31
20
33
39
35
30
38
20
30
33
32
32
35
28
33
20
37
23
36
24
38
23
35
29
35
34
29
32
25
0
0
0
0
0
63
96
96
95
95
95
95
92
26
0
0
0
37
99
98
100
99
98
98
101
74
1
0
0
1
33
99
101
100
100
100
101
100
62
0
0
0
0
52
103
103
103
103
103
100
101
58
1
1
1
21
103
102
103
102
102
102
102
91
5
1
1
30
103
102
102
102
102
102
103
78
1
1
2
1
1
0
0
0
0
0
0
0
0
0
0
0
0
0
0
0
0
0
0
0
0
0
0
0
0
0
0
0
0
0
0
0
0
0
0
0
0
0
0
0
0
0
0
0
0
0
0
0
0
0
0
0
0
0
0
0
0
0
0
0
0
0
0
0
0
0
0
0
0
0
0
0
0
0
0
0
0
0
0
