36
43
29
0
7
45
34
45
33
49
17
87
103
103
103
103
103
103
102
75
7
70
103
103
103
103
103
103
103
78
10
103
103
103
103
103
103
103
99
13
0
46
103
103
103
103
103
103
103
74
8
51
103
103
103
103
103
103
97
10
3
102
103
103
103
103
103
103
59
0
63
103
103
103
103
103
103
100
14
25
103
104
103
103
103
103
103
36
25
103
103
103
103
103
103
103
58
0
60
103
103
103
103
103
103
101
16
0
53
103
103
103
103
103
103
103
84
0
52
103
103
103
103
103
103
103
75
2
54
103
103
103
103
103
103
103
86
1
75
103
103
103
103
103
103
103
70
0
46
103
103
103
103
103
103
103
67
2
5
102
103
103
103
103
103
103
101
18
41
103
103
103
103
103
103
103
65
1
51
103
103
103
103
103
103
103
67
0
50
103
103
103
103
103
103
103
82
7
18
103
103
103
103
103
103
103
103
49
3
101
103
103
103
103
103
103
103
39
0
73
103
103
103
103
103
103
103
95
9
47
103
103
103
103
103
103
103
103
24
0
82
103
103
103
103
103
103
103
85
1
26
102
103
102
102
102
102
102
103
68
0
51
103
103
103
103
103
103
103
99
16
1
91
103
103
102
103
103
103
103
74
1
40
103
103
103
103
103
