0
42
97
97
98
91
39
0
15
26
26
26
25
1
62
98
97
90
86
95
99
97
60
7
92
97
97
97
96
96
100
95
4
46
96
93
93
93
95
94
93
82
10
0
0
40
98
97
97
97
97
95
98
62
1
0
0
0
45
98
97
97
97
96
94
100
30
0
0
0
0
0
0
0
0
0
0
0
0
0
0
0
0
0
0
0
0
0
0
0
0
0
0
0
0
0
0
0
0
0
0
0
0
0
0
0
0
0
0
1
31
97
102
104
101
97
97
90
15
0
0
1
4
86
97
102
103
102
101
103
56
0
0
1
36
97
97
96
95
86
87
86
67
3
0
1
10
93
96
98
99
99
99
99
72
4
0
0
1
10
98
100
100
100
100
100
100
92
4
1
1
1
27
100
100
100
101
102
102
102
75
1
1
1
4
92
103
102
102
103
102
103
91
17
0
0
7
98
104
104
104
104
104
104
93
7
0
0
0
0
0
0
0
0
0
0
0
0
0
0
0
0
0
0
0
0
0
0
0
0
0
0
0
0
0
0
0
0
0
0
0
0
0
0
0
0
0
0
0
0
0
0
0
0
0
0
0
0
0
0
0
0
0
0
0
0
0
0
0
0
0
0
0
0
0
0
0
0
0
0
0
0
0
0
0
0
0
0
