35
38
25
0
6
38
32
46
32
49
29
86
96
97
93
84
83
83
86
48
1
52
93
100
86
84
84
84
84
65
32
83
86
83
75
76
77
74
16
0
0
37
86
86
85
81
75
76
67
5
0
37
78
81
85
86
86
84
13
0
2
72
77
77
78
77
81
84
11
0
52
86
86
85
85
86
70
12
0
21
85
86
86
86
85
86
47
0
20
86
85
86
86
86
86
30
0
0
50
85
85
83
85
85
85
37
0
0
44
85
84
80
79
81
80
54
0
0
43
85
85
85
85
81
76
43
0
0
41
83
84
86
86
86
78
38
0
0
55
76
76
77
77
86
86
49
0
0
34
75
77
77
77
76
78
74
1
0
4
84
76
77
77
79
77
77
38
0
33
86
86
86
81
76
76
63
5
0
39
79
80
85
86
86
86
28
0
0
81
85
85
85
86
84
86
53
0
0
15
86
86
86
86
86
86
67
0
0
2
84
87
86
86
86
86
87
35
0
0
61
87
86
86
86
86
86
44
0
0
39
87
87
86
86
86
86
60
1
0
0
68
87
87
86
86
86
86
50
0
0
26
86
86
86
86
86
86
74
4
1
0
43
86
86
86
86
86
86
75
11
0
0
77
86
86
86
86
86
85
33
1
0
33
86
86
86
86
86
