5
46
104
103
104
103
53
0
0
0
0
0
0
0
69
103
104
104
104
103
104
103
48
5
99
104
102
104
104
104
103
104
15
54
103
104
104
103
104
104
103
53
0
0
0
46
104
103
103
103
103
104
103
78
0
0
0
0
51
104
104
103
103
103
103
103
57
0
0
0
0
0
0
0
0
0
0
0
0
0
0
0
0
0
0
0
0
0
0
0
0
0
0
0
0
0
0
0
0
0
0
0
0
0
0
0
0
0
0
0
35
104
103
103
103
103
103
101
23
0
0
1
4
94
102
103
103
102
102
102
61
1
0
0
43
103
104
103
103
103
103
103
73
0
0
0
14
102
103
103
103
104
102
102
102
10
0
0
0
11
101
102
103
103
104
104
102
102
26
0
0
0
30
103
103
103
103
103
102
102
76
3
0
0
4
94
104
103
103
104
103
103
97
18
0
0
7
98
103
103
103
103
103
103
89
6
0
0
0
0
0
0
0
0
0
0
0
0
0
0
0
0
0
0
0
0
0
0
0
0
0
0
0
0
0
0
0
0
0
0
0
0
0
0
0
0
0
0
0
0
0
0
0
0
0
0
0
0
0
0
0
0
0
0
0
0
0
0
0
0
0
0
0
0
0
0
0
0
0
0
0
0
0
0
0
0
0
1
