33
46
78
75
77
77
67
51
60
50
60
69
86
86
87
86
86
83
16
0
0
49
86
87
86
80
86
86
57
1
3
29
70
104
104
104
104
104
104
88
77
18
29
29
28
69
104
103
100
86
86
96
103
41
29
29
29
27
37
87
88
103
103
103
102
103
56
29
15
0
20
29
51
103
102
104
102
94
86
92
35
29
29
29
29
60
103
87
90
103
103
103
97
29
29
23
0
0
54
103
103
102
103
103
103
103
31
0
15
29
29
29
29
29
29
10
0
0
15
29
29
29
29
29
29
7
0
0
15
29
29
29
29
29
29
5
0
0
21
29
29
29
29
29
29
18
0
0
13
29
29
29
29
29
29
13
0
0
1
29
29
29
29
29
30
24
0
0
11
29
29
29
29
29
29
16
0
0
14
29
29
29
29
29
29
14
0
0
14
29
29
29
29
29
29
13
0
0
5
29
29
29
29
29
29
29
3
0
1
28
29
29
29
29
29
29
8
0
0
21
29
29
29
29
29
29
17
0
0
13
29
29
29
29
29
29
28
1
0
0
23
29
29
29
29
29
29
29
5
0
9
29
29
29
29
29
29
25
0
0
0
15
29
29
29
29
29
29
29
8
0
0
26
29
29
29
29
29
26
0
0
0
11
29
29
29
29
29
