38
58
59
70
59
70
36
43
34
42
53
55
104
104
104
104
104
104
103
65
1
0
39
87
87
86
86
86
85
30
0
0
29
104
104
104
105
104
104
104
103
24
0
0
0
43
105
104
104
104
104
104
104
100
11
0
0
0
12
104
104
104
104
104
104
104
103
26
0
0
0
0
60
104
105
104
105
104
104
103
41
0
0
0
1
78
104
104
104
104
104
104
102
21
0
0
0
0
64
104
104
105
104
104
104
103
19
0
0
0
24
58
58
58
58
58
49
1
0
0
0
0
4
56
58
58
57
58
58
27
0
0
0
0
14
103
104
104
104
104
100
104
52
0
0
0
28
105
105
104
104
104
105
104
42
0
0
0
48
105
104
105
104
105
104
103
31
0
0
0
21
104
103
105
104
104
103
104
91
3
0
0
20
103
105
103
104
103
105
103
72
0
0
0
21
104
103
104
104
104
103
104
80
0
0
0
0
0
0
0
0
0
0
0
0
0
0
0
0
0
0
0
0
0
0
0
0
0
0
0
0
0
0
0
0
0
0
0
0
0
0
0
0
0
0
0
0
0
0
0
0
0
0
0
0
0
1
0
0
0
0
0
0
0
0
0
0
0
0
0
0
0
0
0
0
0
0
0
0
0
0
0
0
0
0
0
0
0
