27
48
75
83
74
83
62
58
52
54
55
51
87
87
87
86
86
86
10
0
0
20
58
58
58
56
58
58
48
1
0
0
30
104
104
105
105
104
99
104
104
45
0
0
0
30
104
104
104
104
104
104
104
86
12
0
0
0
13
103
104
104
104
104
104
104
94
6
0
0
0
0
5
96
103
104
104
104
104
104
76
3
0
0
0
18
104
104
104
104
104
104
104
57
0
0
0
0
16
104
104
103
104
104
104
103
37
0
0
0
2
88
104
104
104
104
104
104
95
9
0
0
2
87
104
104
104
104
104
104
102
8
0
0
15
102
104
104
104
104
100
104
38
0
0
0
28
104
104
104
104
104
104
103
29
0
0
0
47
104
104
104
104
104
104
98
22
0
0
0
21
104
104
104
104
104
105
104
84
10
0
0
20
104
104
104
105
104
104
104
57
2
0
0
21
104
105
104
105
104
104
104
77
9
0
0
0
0
0
0
0
0
0
0
0
0
0
0
0
0
0
0
0
0
0
0
0
0
0
0
0
0
0
0
0
0
0
0
0
0
0
0
0
0
0
0
0
0
0
0
0
0
0
0
0
0
0
0
0
0
0
0
1
0
0
0
0
0
0
0
0
0
0
0
0
0
0
0
0
0
0
0
0
0
0
0
0
0
