36
42
29
0
8
8
34
45
32
49
29
92
104
104
103
104
103
104
102
60
3
58
98
103
104
103
104
103
98
33
35
87
87
86
86
86
86
78
1
0
0
78
87
87
86
86
86
86
33
0
0
48
87
86
86
86
86
71
6
0
6
86
87
86
86
86
86
58
0
0
58
87
87
86
86
86
74
1
0
27
84
87
86
86
86
86
29
0
21
87
87
86
86
86
86
20
0
0
56
87
86
86
86
86
82
7
0
0
44
87
87
86
83
86
86
16
0
0
43
86
86
86
83
86
86
39
0
0
45
87
87
86
86
86
86
44
0
0
63
87
87
86
86
82
86
26
0
0
38
87
87
86
86
87
86
27
0
0
3
85
86
83
86
86
86
80
2
0
34
87
82
86
86
86
86
39
0
0
42
87
87
86
86
83
84
34
0
0
42
87
87
86
83
87
86
49
0
0
15
84
83
86
86
83
86
86
29
0
2
84
87
86
86
86
86
86
15
0
0
61
87
87
86
86
86
86
67
0
0
39
87
87
86
86
86
86
62
0
0
0
69
87
86
86
86
86
86
34
0
0
25
87
87
86
86
86
86
80
20
0
0
43
87
87
86
86
86
86
80
7
0
0
77
87
86
86
86
86
81
9
0
0
33
87
87
86
86
86
