6
39
104
102
104
103
2
1
1
0
0
0
0
0
62
104
104
104
104
104
104
104
56
2
95
104
104
104
103
104
103
100
32
46
104
104
103
100
104
104
104
40
0
0
0
47
104
104
104
104
104
104
104
69
0
0
0
0
52
104
104
104
104
104
104
104
66
1
0
0
0
0
0
0
0
0
0
0
0
0
0
0
0
0
0
0
0
0
0
0
0
0
0
0
0
0
0
0
0
0
0
0
0
0
0
0
0
0
0
0
2
88
104
103
104
103
104
103
102
12
0
0
2
87
104
104
103
104
104
104
101
12
0
0
15
103
104
104
104
104
104
104
59
4
0
0
27
104
104
104
104
103
104
104
58
0
0
0
48
104
103
104
103
104
104
104
46
0
0
0
21
104
104
104
104
103
104
104
96
17
0
0
21
103
103
104
104
104
103
104
76
11
0
0
21
103
104
104
103
104
103
104
79
10
0
0
0
0
0
0
0
0
0
0
0
0
0
0
0
0
0
0
0
0
0
0
0
0
0
0
0
0
0
0
0
0
0
0
0
0
0
0
0
0
0
0
0
0
0
0
0
0
0
0
0
0
0
0
0
0
0
0
0
0
0
0
0
0
0
0
0
0
0
0
0
0
0
0
0
0
0
0
0
0
0
0
0
0
