36
55
60
68
58
70
38
41
48
34
51
75
104
105
104
104
104
105
104
78
7
0
42
54
57
57
57
57
57
10
0
0
60
98
97
96
97
99
98
99
58
1
1
1
1
74
100
99
100
100
103
104
103
58
10
0
0
0
41
100
102
100
103
104
98
99
90
16
1
1
1
1
87
103
104
103
102
103
103
89
15
1
1
1
3
94
98
98
98
97
96
96
73
9
0
0
1
0
85
97
98
98
97
97
96
69
8
0
0
0
0
0
0
0
0
0
0
0
0
0
0
0
0
0
0
0
0
0
0
0
0
0
0
0
0
0
0
0
0
0
0
0
0
0
0
0
0
0
0
0
0
0
0
0
0
0
0
0
0
0
0
0
0
0
0
1
0
0
0
0
0
0
0
0
0
0
0
0
0
0
0
0
0
0
0
0
0
0
0
0
0
0
0
0
0
0
0
0
0
0
0
0
0
0
0
0
0
0
0
0
0
0
0
0
0
0
0
0
0
0
0
0
0
0
0
0
0
0
0
0
0
0
0
0
0
0
0
0
0
0
0
0
0
0
0
0
0
0
0
0
0
0
0
0
0
0
0
0
0
0
0
0
0
0
0
0
0
0
0
0
0
0
0
0
0
0
0
0
0
0
0
0
0
0
0
0
0
0
