6
9
13
7
4
4
4
4
5
4
5
7
11
11
16
6
4
4
4
5
4
4
4
4
5
5
12
5
6
4
4
5
4
4
4
4
4
5
10
7
4
5
6
4
5
5
4
4
5
6
14
7
5
8
7
7
4
4
4
4
6
6
9
4
5
4
5
5
8
9
9
5
5
5
8
4
7
6
5
5
5
5
8
9
8
5
10
7
8
4
6
6
5
4
5
5
7
5
9
4
5
4
5
5
5
4
5
6
6
7
8
4
9
5
6
6
6
4
6
30
36
36
38
36
36
36
37
36
37
36
39
36
36
37
38
37
39
39
38
35
37
35
39
38
38
37
39
36
36
38
38
40
37
39
36
35
38
40
39
38
39
36
37
38
36
37
30
4
9
9
7
8
8
4
4
4
4
4
4
4
4
4
6
4
4
4
4
4
4
8
9
5
4
4
11
7
4
9
7
6
4
4
4
4
4
4
6
5
5
6
8
4
4
4
7
7
4
5
7
9
10
9
8
5
4
4
4
4
4
4
10
8
7
4
4
6
4
4
4
4
5
7
8
5
4
4
4
4
4
4
4
4
4
5
6
4
4
4
4
7
6
8
4
5
7
5
11
10
6
4
4
4
4
4
4
4
4
4
8
4
4
4
6
5
5
4
6
4
