6
5
8
6
3
5
4
3
3
3
3
3
4
5
7
5
6
3
4
3
4
3
3
3
3
4
7
3
3
3
3
3
3
3
3
3
3
3
5
3
3
3
3
4
3
3
3
3
3
4
7
3
4
8
7
6
3
3
3
3
3
4
6
4
4
3
4
4
4
4
4
4
4
4
6
4
4
5
4
5
4
4
4
3
3
5
7
3
3
3
4
4
3
3
4
4
4
5
6
3
3
4
4
4
5
4
4
4
4
4
8
4
7
4
4
4
4
4
5
29
37
39
39
39
38
39
38
38
39
38
40
39
38
41
41
40
38
40
39
39
40
38
39
39
39
39
42
40
40
40
37
38
37
39
37
37
39
38
41
37
38
37
37
38
37
39
31
3
3
3
5
3
4
4
4
4
3
4
3
4
3
4
7
3
3
3
4
3
3
3
3
3
3
4
6
3
3
3
3
3
3
3
3
3
3
4
5
3
3
3
3
3
3
3
3
3
4
4
9
8
5
4
4
4
4
4
3
3
4
4
5
3
3
3
3
4
3
3
3
4
4
3
6
3
3
3
3
4
3
4
3
4
4
7
6
3
3
3
3
3
3
3
3
3
3
3
6
3
3
4
3
3
3
3
4
8
8
5
10
3
3
3
3
3
3
3
2
3
