8
4
4
7
5
4
4
4
4
5
5
12
12
12
10
4
6
16
34
97
97
97
98
98
97
98
98
98
99
99
99
99
98
77
6
1
6
21
11
12
7
8
4
4
5
6
4
5
6
5
4
6
4
5
5
4
4
5
4
6
5
4
5
5
7
6
4
4
4
4
7
8
7
5
5
5
6
10
5
4
7
4
4
7
4
7
5
7
8
4
5
6
7
5
7
6
4
4
6
6
6
4
4
5
4
6
10
7
5
5
4
4
7
5
4
6
4
8
10
7
5
7
4
5
5
6
5
5
5
5
4
5
5
6
6
5
4
5
5
6
4
9
8
5
6
5
4
5
5
6
6
5
6
9
4
5
6
7
10
5
4
5
4
5
4
7
4
5
4
6
4
4
6
5
6
5
4
6
6
5
4
6
6
5
5
5
4
9
7
4
4
5
7
10
4
5
4
5
6
4
4
5
6
6
6
5
6
5
9
5
4
5
4
6
4
5
5
4
4
5
11
8
6
4
4
4
4
7
4
4
4
4
4
4
4
4
4
5
4
4
7
6
4
4
4
4
4
4
4
6
9
4
4
4
4
4
4
4
4
4
4
4
4
4
4
4
4
4
4
5
4
6
4
4
6
5
5
6
6
8
5
4
4
4
7
7
4
4
