22
15
16
16
15
14
14
14
17
17
15
14
15
14
14
14
16
15
15
15
20
16
15
16
15
16
15
16
16
15
15
16
16
15
14
15
14
15
15
15
14
15
14
14
14
14
14
16
16
13
14
14
15
16
15
16
16
16
16
16
15
16
15
15
16
16
16
16
16
16
16
16
16
16
16
16
17
17
16
16
16
16
16
16
16
16
15
16
16
17
16
16
16
16
15
16
15
17
16
16
16
16
16
16
16
16
16
16
16
16
16
16
16
16
15
17
16
16
15
16
15
16
16
16
15
15
16
17
15
17
15
16
16
16
15
15
15
15
13
13
13
14
14
15
14
14
14
20
22
17
15
16
15
16
15
16
15
16
15
16
15
14
14
14
14
14
14
15
15
15
14
15
15
17
15
15
15
16
14
15
15
15
15
15
15
16
14
15
14
15
15
15
15
16
15
15
15
15
15
15
15
15
15
15
15
15
15
15
15
14
14
14
13
14
13
14
13
14
15
24
17
15
15
15
14
15
15
16
15
15
14
15
15
15
15
15
15
15
14
15
15
15
15
20
15
14
13
14
12
13
13
13
13
13
13
13
15
14
14
14
14
14
17
17
16
18
16
17
16
17
17
16
16
16
16
17
16
16
17
17
17
17
17
16
16
16
16
16
