8
9
11
12
20
14
19
19
18
18
13
14
19
17
15
10
12
8
13
10
8
8
11
9
7
9
10
12
6
2
2
2
2
2
2
2
2
2
2
3
2
2
2
2
2
2
2
2
2
3
2
2
2
2
2
2
2
2
2
2
2
2
2
2
2
2
2
2
2
2
2
2
2
2
2
2
2
2
2
2
3
2
2
2
2
2
2
2
2
2
2
2
3
2
2
2
2
2
2
2
2
2
2
3
2
2
2
1
2
2
2
2
2
2
2
2
2
1
2
2
2
2
2
3
2
2
2
2
2
2
2
2
2
2
2
3
2
2
2
2
2
2
2
2
2
2
2
3
2
2
2
2
2
2
2
1
1
1
1
9
2
2
2
2
2
2
1
2
2
3
2
2
2
2
2
1
1
1
2
2
2
3
2
2
2
2
2
1
2
2
2
2
2
3
2
1
2
1
2
2
2
2
2
2
3
2
1
2
2
2
2
2
2
2
2
3
2
2
2
2
2
2
2
2
2
2
3
2
2
2
2
2
2
2
2
2
2
3
2
2
2
2
2
2
2
2
2
3
2
2
2
2
2
2
2
2
2
2
3
2
2
2
2
2
2
2
2
2
3
2
2
2
2
2
2
2
2
2
2
3
2
1
6
42
54
9
42
54
