7
10
6
5
8
5
5
5
7
6
5
4
5
5
6
10
6
4
5
5
6
8
9
4
5
6
5
6
6
6
5
5
5
6
5
4
5
7
4
4
6
6
9
5
5
5
5
4
5
4
5
4
5
9
10
6
7
4
6
5
5
4
5
5
6
6
5
4
5
5
5
4
5
5
9
6
5
4
5
4
8
5
5
6
5
5
5
5
5
5
5
6
5
4
5
8
5
7
5
4
7
6
5
7
5
5
5
4
5
4
5
5
6
4
5
4
8
6
5
4
5
6
5
4
5
7
5
5
7
5
5
4
5
7
5
5
7
4
8
5
5
5
5
5
6
5
6
4
9
6
5
6
9
9
11
11
5
4
5
4
6
4
5
4
6
4
6
5
5
4
7
6
5
7
7
8
6
7
5
4
5
8
5
4
5
6
5
5
6
7
9
6
5
4
5
7
7
4
5
4
5
8
9
7
7
4
5
8
8
4
7
5
5
4
5
5
5
5
5
5
5
4
6
10
5
5
7
7
7
4
5
5
8
6
5
4
5
4
5
5
7
5
7
9
8
5
5
4
7
9
6
5
5
5
5
5
5
8
6
5
5
5
5
5
9
8
10
5
5
5
7
9
5
5
6
8
10
5
5
5
4
5
4
5
5
5
5
5
