16
23
15
15
7
8
6
5
14
9
6
6
6
6
6
6
6
6
6
6
5
5
5
5
5
5
5
5
5
5
5
5
5
5
5
5
5
5
5
6
5
5
5
5
6
5
5
5
4
4
4
4
4
4
4
4
4
4
4
4
4
4
4
4
4
4
4
4
4
4
4
4
4
4
4
4
4
4
3
4
4
4
3
4
3
4
3
3
3
3
3
3
3
3
3
3
3
3
6
3
3
3
3
3
3
3
6
3
3
3
3
3
3
3
3
3
2
2
2
2
2
7
2
2
2
2
2
2
2
2
2
2
2
2
2
2
2
2
2
2
1
2
1
1
1
1
1
1
1
1
1
1
1
1
1
1
1
1
1
1
1
1
1
1
1
1
1
1
1
1
1
1
1
1
1
1
1
1
1
1
1
1
1
1
1
1
1
1
1
1
1
1
1
2
3
1
1
1
1
1
1
1
1
1
1
1
1
1
1
1
1
1
1
1
1
1
1
1
1
1
1
1
1
1
1
1
1
1
1
1
1
1
1
1
1
1
1
14
1
1
1
1
1
1
1
1
1
6
7
20
17
9
16
36
49
82
83
46
28
23
27
33
27
20
14
12
21
23
12
28
14
32
21
12
13
53
12
12
13
13
24
16
15
15
15
15
15
15
