32
32
32
32
36
38
36
36
44
44
34
32
32
31
36
43
41
48
36
36
42
52
38
45
46
36
32
31
31
31
33
44
30
30
31
31
31
30
31
30
31
31
31
31
30
30
31
30
31
31
31
30
31
31
31
31
31
30
31
30
31
31
31
30
31
31
31
31
31
31
31
30
31
31
31
30
30
31
31
31
31
30
30
32
31
31
31
30
30
31
31
31
31
30
30
30
31
31
31
31
31
31
31
31
31
31
31
30
31
31
30
30
30
31
31
30
30
30
31
30
30
30
31
31
30
31
31
30
31
30
30
31
31
30
31
31
31
31
31
30
31
31
31
31
31
30
30
31
30
31
31
30
30
30
30
30
30
30
30
30
30
30
30
30
30
30
30
30
30
31
30
31
30
30
30
31
31
31
31
31
31
31
31
31
31
31
30
31
30
31
30
31
30
31
30
31
30
31
30
31
31
30
30
31
31
31
30
31
30
31
31
30
30
30
31
30
31
30
31
30
31
31
31
31
31
31
31
30
31
30
30
31
31
31
31
31
30
30
31
30
31
31
30
31
31
31
31
31
30
31
31
30
31
30
30
30
30
31
31
30
31
30
31
31
31
30
31
30
31
31
31
30
31
31
31
31
31
31
31
30
31
31
31
30
30
31
30
30
