3
3
2
2
4
2
2
3
2
3
2
3
2
2
8
5
9
3
3
3
2
2
2
2
2
2
2
2
3
2
3
2
2
2
2
2
2
3
2
2
2
2
2
2
2
2
2
3
2
2
2
2
2
2
2
3
3
2
2
2
2
2
2
2
2
2
3
3
2
2
2
2
2
2
2
2
3
2
3
3
2
2
2
2
2
3
3
2
3
2
2
2
2
2
3
3
2
2
2
2
2
2
2
2
3
2
2
3
2
2
2
2
7
24
23
21
4
8
7
7
7
7
6
7
7
5
3
3
3
3
3
3
3
3
3
3
3
3
3
3
3
3
4
3
3
3
2
2
2
2
2
3
3
3
2
2
2
2
2
2
2
3
2
3
3
2
2
2
2
2
2
3
3
3
3
5
2
3
2
2
3
3
3
3
3
3
2
3
3
3
3
3
3
3
3
2
3
2
3
3
3
3
3
2
2
2
2
2
3
3
3
3
3
2
2
2
2
2
2
3
3
3
3
3
2
2
2
2
3
3
2
2
3
3
2
3
2
2
3
2
2
2
2
2
2
3
2
3
3
3
3
2
2
2
2
2
3
3
3
3
3
2
2
2
2
2
3
3
3
3
3
3
2
2
2
2
3
3
2
3
3
3
2
3
2
3
3
3
