5
5
7
4
7
6
6
5
5
6
5
6
5
4
8
5
6
3
5
5
6
7
10
23
7
6
7
5
5
5
5
3
4
4
4
6
5
5
3
6
4
3
4
4
4
16
5
4
4
5
5
4
5
4
4
4
4
4
5
4
4
5
3
5
4
5
4
4
4
4
5
5
5
6
6
6
5
5
3
4
5
4
4
5
5
5
8
6
6
5
5
5
4
4
6
10
4
5
6
5
5
5
5
5
5
4
4
5
3
5
5
5
7
5
5
5
5
5
7
4
4
2
5
5
7
12
6
8
13
12
15
13
12
4
4
15
6
6
7
6
7
8
4
4
4
4
2
5
4
4
5
5
3
4
7
8
4
4
4
4
8
4
8
4
3
4
3
4
4
4
5
4
3
4
4
4
4
4
4
4
4
4
4
3
4
3
4
4
4
4
4
4
4
4
4
4
4
4
4
4
4
4
4
4
3
4
3
4
4
5
4
4
4
4
4
4
3
4
5
4
4
3
4
4
4
4
4
4
4
4
4
4
4
5
4
4
4
4
4
4
3
3
4
5
4
4
4
4
4
3
4
4
3
5
4
4
4
4
4
4
4
4
4
4
4
4
5
4
4
3
4
4
4
4
3
5
4
4
4
4
4
4
4
4
4
4
2
4
