2
2
2
6
2
2
2
2
2
2
3
3
2
2
2
5
2
2
2
2
2
2
2
2
2
2
1
11
4
2
2
2
2
2
2
2
2
2
1
5
2
2
2
2
2
2
2
1
2
1
1
4
1
2
2
2
2
2
1
1
2
1
1
10
21
2
2
2
2
2
2
2
2
2
2
11
20
2
2
2
2
2
2
2
2
2
2
5
2
2
2
2
2
2
2
2
2
2
2
11
20
2
2
2
2
2
2
2
2
1
2
6
2
2
2
2
1
2
2
2
2
2
2
16
16
2
2
3
2
2
2
2
2
1
2
17
20
2
2
2
1
2
1
1
2
3
1
13
18
2
2
2
1
1
1
1
1
1
1
5
1
2
2
2
2
2
1
2
1
1
1
16
16
2
2
2
1
1
2
2
2
2
2
14
18
2
2
2
2
2
1
2
2
2
2
14
18
2
2
2
1
2
1
1
2
2
1
5
2
2
2
2
2
2
2
2
2
2
1
16
17
2
2
2
2
2
1
2
2
2
1
5
1
2
2
2
2
2
2
2
2
1
1
5
1
1
2
2
1
2
1
1
2
2
2
5
2
2
2
2
1
1
2
2
2
2
2
6
2
2
2
2
1
1
1
1
1
1
1
14
16
1
2
2
1
2
1
2
