13
13
13
13
17
33
13
13
13
13
21
34
14
13
13
13
16
32
13
13
13
13
17
33
14
13
14
14
17
35
14
13
14
13
18
34
14
13
14
14
17
35
15
14
15
13
17
36
15
13
14
13
17
35
15
14
15
14
18
36
15
14
15
13
13
13
15
13
14
13
14
13
14
13
14
13
14
13
14
13
14
13
15
13
15
14
15
14
16
14
16
14
16
15
19
81
69
25
17
16
20
13
14
13
14
13
13
11
12
11
12
11
11
11
12
12
12
12
12
12
12
12
12
12
11
11
12
12
12
12
12
12
13
12
13
12
12
12
12
12
12
12
13
13
13
13
13
13
14
16
17
16
17
17
17
16
17
17
17
16
16
17
15
14
14
14
14
13
14
14
15
14
15
14
14
14
15
14
14
14
15
14
14
13
16
33
13
13
13
13
17
33
13
13
13
13
18
32
13
13
13
13
17
33
15
13
14
13
15
34
14
13
14
13
18
32
13
13
14
13
18
32
13
13
13
13
17
35
14
13
14
13
17
33
14
13
14
13
16
34
14
13
14
13
19
34
14
13
14
13
16
34
14
13
13
13
16
32
14
13
14
13
17
26
16
15
16
15
20
37
16
15
15
15
20
37
16
15
15
15
17
36
15
15
15
15
21
36
