4
4
4
4
8
15
4
4
4
4
9
70
4
4
4
4
5
15
4
4
4
4
5
15
4
4
4
4
9
15
4
5
4
4
5
15
5
5
4
5
6
15
4
4
4
4
5
15
4
4
4
4
9
16
5
4
4
4
4
15
4
4
4
4
6
5
4
4
4
4
4
4
4
4
4
4
24
36
23
7
5
5
5
5
5
5
5
5
7
6
5
5
5
5
8
44
33
10
5
5
6
11
6
5
5
5
5
6
5
5
5
5
6
5
5
5
5
4
5
5
5
5
5
5
6
5
5
5
5
6
5
5
4
4
5
5
6
5
5
4
4
4
5
5
5
5
5
5
6
5
5
6
5
5
5
5
5
5
5
5
6
5
5
5
5
5
5
5
5
5
5
5
25
22
5
5
5
5
5
5
5
5
5
4
6
18
5
5
5
5
5
15
4
4
4
4
9
15
4
4
4
4
5
16
5
4
4
4
5
16
5
4
4
4
5
15
5
4
4
4
9
21
7
4
4
4
5
16
4
4
4
4
6
16
4
4
4
4
4
15
4
5
5
5
9
17
5
5
5
5
5
15
5
5
5
5
6
16
5
5
5
5
5
16
5
5
4
4
10
20
6
4
5
5
5
17
5
4
4
4
6
15
5
5
5
5
6
17
