3
4
2
3
3
3
3
3
3
3
3
3
3
4
2
3
3
3
3
3
3
3
3
3
3
4
3
3
5
3
3
3
3
3
3
3
3
4
2
3
3
3
3
3
2
3
3
3
3
4
2
3
3
3
3
3
3
3
3
3
3
4
2
3
3
3
5
3
3
3
3
3
3
3
2
3
10
4
3
3
3
3
3
3
3
4
2
3
3
3
3
3
3
3
3
3
3
4
3
3
4
5
11
3
3
4
3
3
3
4
2
3
4
3
3
3
3
3
3
3
3
4
3
3
4
3
3
3
3
3
3
3
3
4
3
3
4
3
3
5
3
3
3
3
3
4
4
3
3
3
3
3
3
3
3
3
3
4
3
3
3
3
3
4
3
3
3
3
3
3
2
3
7
7
10
26
24
9
3
3
3
3
3
3
3
3
3
3
3
3
3
3
3
4
3
3
3
3
3
3
3
3
3
3
3
3
3
3
3
3
3
3
3
3
3
3
3
3
3
3
3
5
3
3
3
3
3
3
3
3
3
3
3
3
3
3
3
3
3
3
3
3
3
3
3
3
3
3
3
3
3
3
3
4
3
3
3
3
3
3
3
3
3
3
3
4
3
3
3
4
3
3
3
3
3
3
3
3
3
3
3
3
3
3
3
3
3
3
