3
3
3
3
3
3
3
3
3
3
3
3
3
3
3
4
4
3
3
3
4
3
3
3
3
3
3
4
3
3
3
3
4
3
3
3
3
3
3
4
3
3
3
3
4
3
3
3
3
3
3
4
4
3
3
3
4
3
3
3
3
3
3
4
3
3
3
3
4
3
3
3
3
3
3
11
7
3
3
3
4
3
3
3
3
3
3
4
4
3
3
3
4
3
3
3
3
3
3
4
4
3
3
3
4
3
3
3
3
3
3
8
5
3
3
3
4
4
3
3
3
3
3
8
6
4
4
4
5
4
4
3
3
3
3
5
4
3
3
3
4
4
4
3
3
6
4
4
4
4
4
3
4
4
4
3
4
3
3
4
4
4
4
4
4
4
4
4
4
3
3
11
6
3
3
3
4
4
4
3
3
3
3
4
4
3
4
4
4
4
4
3
3
3
3
4
4
3
3
3
4
4
4
3
3
3
3
4
4
3
3
3
4
4
4
3
3
3
3
4
4
5
3
3
4
4
3
3
3
3
3
4
4
3
3
3
4
4
4
3
3
3
3
4
4
3
3
3
4
4
4
3
3
3
3
4
4
3
3
3
4
4
3
3
3
3
3
4
5
4
3
3
4
4
4
3
3
3
3
4
4
3
3
3
4
4
3
3
