32
32
32
32
32
33
33
32
32
32
32
37
35
37
36
32
32
33
33
33
27
30
30
30
30
30
30
30
30
30
30
30
30
30
29
29
30
29
29
30
30
30
30
30
29
30
30
30
30
31
32
32
32
30
30
30
30
30
30
30
30
30
30
31
31
31
32
32
32
32
32
31
32
32
32
32
32
31
30
30
30
30
30
30
30
29
29
30
29
30
30
30
29
30
29
30
29
30
30
30
30
30
30
30
30
31
32
30
30
29
29
31
32
33
31
31
32
32
32
30
30
31
32
33
33
32
32
30
30
30
31
32
32
32
31
30
30
32
32
32
32
32
30
30
30
30
30
30
30
30
30
29
29
30
30
30
29
30
30
31
32
32
32
32
32
32
32
33
30
31
30
30
30
30
30
31
31
32
31
31
31
31
32
32
30
31
32
32
32
32
32
32
33
33
32
32
33
32
32
32
32
32
32
30
30
30
29
30
30
30
30
30
30
30
30
30
29
30
31
32
32
32
32
32
32
32
33
32
32
32
32
32
32
30
30
30
29
29
30
30
30
30
29
30
29
30
30
30
30
31
32
32
32
32
30
30
30
30
30
30
30
29
30
30
30
29
29
31
32
32
32
32
32
32
30
32
32
32
32
32
32
30
30
32
32
32
32
32
