24
28
23
28
23
28
25
30
23
29
23
31
24
31
25
32
24
28
24
29
23
27
23
29
23
32
23
30
24
30
24
32
22
29
24
30
24
31
24
30
24
31
25
32
25
29
25
32
25
33
23
29
20
25
19
26
17
24
17
24
19
24
18
26
18
30
26
32
16
22
19
23
17
23
16
21
17
26
23
30
39
46
36
41
35
41
37
42
33
34
28
33
26
35
24
36
25
33
28
31
30
30
31
39
26
27
18
23
18
23
18
23
20
29
18
27
23
23
17
22
17
24
17
25
30
72
62
65
59
66
61
67
61
61
38
43
39
44
38
44
41
24
22
31
17
26
18
25
21
28
19
26
19
26
19
23
22
29
18
24
19
30
26
30
17
27
23
30
30
28
26
32
26
29
26
33
26
27
21
30
23
29
19
24
19
24
25
35
26
30
25
30
27
36
25
31
26
28
27
34
28
30
20
26
25
28
25
27
18
27
21
26
23
26
20
28
21
27
25
24
21
26
20
25
21
24
21
24
21
25
19
28
21
26
22
27
20
28
21
26
21
26
19
26
21
18
12
17
11
24
21
27
19
18
10
20
21
23
17
21
11
19
22
24
18
23
14
23
22
25
19
19
11
18
17
19
16
17
10
18
13
25
20
24
10
19
13
25
