1
1
1
1
2
1
1
1
1
1
1
1
1
1
1
3
6
2
1
2
2
1
1
1
1
1
2
1
1
1
1
1
1
1
2
9
2
1
1
1
3
45
27
1
1
1
3
45
28
1
1
1
2
41
19
13
2
1
2
51
60
2
1
1
2
33
6
1
1
1
2
6
1
1
1
1
2
29
17
1
1
1
2
13
1
1
2
1
3
25
25
25
23
8
2
7
1
1
1
1
3
2
2
1
1
1
2
2
2
2
1
1
2
29
56
46
66
51
87
42
54
55
60
53
62
42
50
66
65
67
74
81
75
71
64
72
67
61
77
68
74
72
79
57
58
53
67
70
63
69
66
67
70
72
60
61
55
47
49
50
65
58
52
32
30
30
31
22
20
18
20
16
19
14
14
15
17
15
17
31
28
54
52
37
27
42
31
35
35
36
53
55
46
18
3
1
1
1
1
1
1
2
1
1
1
1
1
2
1
2
1
2
1
2
2
1
2
1
1
2
2
1
1
2
2
2
1
1
1
1
1
2
2
2
1
1
1
2
2
6
4
5
5
5
5
5
5
5
4
5
5
5
4
5
4
5
4
5
4
4
4
4
4
4
4
4
5
5
5
4
4
4
4
4
4
4
4
4
4
4
4
4
4
4
4
4
4
4
