2
2
2
2
2
2
2
2
2
2
2
2
2
2
2
5
5
2
2
2
2
2
2
2
2
2
2
2
2
2
2
2
2
2
2
17
2
2
2
2
2
37
2
2
2
2
3
57
28
22
11
2
5
70
4
2
2
2
3
34
2
2
2
2
2
2
2
2
2
2
2
2
2
2
2
2
4
56
70
2
2
2
3
23
28
34
43
36
3
44
3
2
2
2
3
67
5
2
2
2
2
2
2
2
2
2
3
48
2
2
2
2
3
55
77
56
2
2
2
2
2
2
2
2
4
72
63
2
2
2
2
2
2
2
2
2
2
2
2
2
2
2
2
2
2
2
2
2
2
2
2
2
2
2
2
2
2
2
2
2
2
2
2
2
2
2
2
2
2
2
2
2
2
22
2
2
2
2
2
2
2
2
2
2
2
2
2
2
2
2
2
2
2
2
2
2
2
2
2
2
2
2
2
2
2
2
2
2
2
2
2
2
2
2
2
2
2
2
2
2
2
2
2
2
2
3
2
2
2
2
2
2
2
2
2
2
2
2
2
2
2
2
2
2
2
2
2
2
2
2
2
2
2
2
2
2
2
2
2
2
2
2
2
2
2
2
2
2
2
2
2
2
2
2
2
2
2
2
2
2
2
2
2
2
2
2
2
2
