27
26
23
16
16
52
55
29
26
29
31
26
28
25
53
20
27
31
38
34
34
30
29
18
20
19
22
21
19
19
18
19
20
17
17
49
60
38
19
18
17
19
16
16
18
17
16
17
16
15
16
16
16
18
15
16
15
15
16
16
15
16
22
26
21
20
24
22
22
23
23
22
22
22
23
20
22
22
23
22
24
21
23
23
25
25
25
23
25
25
22
24
25
24
25
24
26
24
25
22
24
19
24
24
21
21
22
23
21
21
23
21
21
27
23
77
96
99
94
96
99
104
99
105
100
100
87
98
98
96
102
95
93
17
14
12
13
14
13
13
14
13
13
13
15
15
18
15
16
24
18
19
18
16
16
16
16
16
16
16
15
17
17
17
17
15
17
16
17
15
17
15
17
21
22
17
17
16
17
16
15
15
16
16
16
17
17
16
16
15
16
16
16
15
16
16
16
18
17
16
16
15
16
17
16
16
16
45
54
40
24
23
22
20
22
18
14
14
21
21
20
21
22
21
23
21
22
22
23
23
22
21
21
21
23
22
23
21
23
24
25
22
17
22
24
26
22
21
23
23
22
23
25
21
24
23
24
49
25
22
21
36
22
21
21
21
17
16
17
17
18
16
18
17
18
17
16
16
17
17
18
18
16
16
34
25
23
24
