42
36
42
35
42
42
67
49
46
34
40
35
45
35
44
34
46
37
48
42
50
41
49
42
50
41
50
41
51
43
52
42
50
41
51
43
51
41
49
41
50
42
52
45
53
44
54
40
48
42
47
42
47
36
38
33
40
36
42
38
46
38
42
38
42
35
37
33
39
37
42
39
43
39
42
37
43
35
38
34
38
38
48
42
49
43
48
42
48
37
41
41
47
40
48
42
49
43
47
43
48
37
42
40
43
39
49
43
53
43
48
44
48
37
43
39
44
40
46
40
46
42
47
42
46
34
44
41
45
39
46
40
47
40
47
41
46
33
45
44
47
38
46
40
47
40
46
40
45
56
47
43
46
39
47
41
51
42
47
42
47
37
45
40
45
38
44
39
45
40
44
40
44
37
39
38
45
39
43
38
44
39
43
38
42
35
40
39
44
38
45
39
45
41
45
40
45
36
41
40
45
39
47
42
53
43
47
43
48
37
41
40
47
39
47
41
48
42
47
41
46
35
39
41
46
40
48
41
47
42
47
42
46
35
41
41
45
40
48
41
47
43
47
42
48
36
41
41
47
38
45
41
51
42
47
42
48
39
39
34
46
41
46
40
48
42
46
41
46
35
41
40
47
40
47
41
48
42
47
41
47
37
42
39
47
40
46
41
