85
91
87
90
91
90
97
92
91
88
81
86
87
84
86
84
81
86
87
84
86
84
86
84
87
87
88
88
88
85
86
86
87
83
84
86
87
84
84
83
82
87
85
89
83
83
84
88
86
86
88
85
88
87
88
86
88
85
86
86
85
82
74
60
62
62
44
17
17
15
16
16
16
16
18
16
16
22
19
17
17
16
17
22
19
18
18
23
18
22
18
21
20
19
19
20
20
19
20
19
21
20
22
19
23
22
22
22
19
24
20
19
22
27
30
22
21
19
21
19
20
20
21
22
20
20
22
20
19
19
18
63
40
23
23
25
20
22
20
21
24
20
24
25
28
20
24
20
24
28
22
20
22
21
23
22
21
24
22
22
22
24
25
24
22
22
27
24
21
22
24
22
23
38
30
22
23
21
22
29
22
21
21
21
21
22
28
22
31
20
23
23
30
26
22
22
24
24
20
20
21
20
24
28
25
20
21
24
21
21
22
19
21
20
22
20
18
18
19
24
19
20
19
21
22
20
24
18
22
18
18
17
23
21
21
21
18
19
18
19
20
18
23
17
19
19
20
18
20
18
24
20
19
18
18
20
21
34
24
19
19
20
22
22
22
21
22
20
24
21
22
20
23
22
20
21
21
23
19
20
20
22
23
21
20
20
23
22
