4
3
3
3
3
11
24
8
4
3
3
3
3
8
3
3
3
4
8
3
3
3
2
2
2
8
2
2
2
4
8
2
2
2
2
2
2
2
2
2
2
4
9
3
2
2
2
2
2
2
2
2
2
4
9
3
2
2
2
2
2
2
2
2
2
4
9
3
2
2
2
2
2
2
2
2
2
4
8
3
3
2
2
2
2
2
2
2
2
4
9
3
2
2
2
2
2
2
2
2
2
4
9
3
2
2
2
2
2
2
2
2
2
4
8
3
3
2
2
2
2
2
2
2
2
5
8
3
2
2
2
2
2
2
2
2
2
4
8
3
2
2
2
2
2
2
2
2
2
9
16
16
14
18
14
12
15
17
14
12
14
14
18
13
3
3
3
3
2
2
2
2
2
4
8
4
3
2
2
2
2
2
2
2
2
4
9
3
2
2
2
2
2
2
2
2
2
4
8
3
2
2
2
2
2
2
2
2
2
4
9
3
2
2
2
2
2
2
2
2
2
4
9
3
2
2
2
2
2
2
2
2
2
4
9
3
2
2
2
2
2
2
2
2
2
4
8
3
3
2
2
2
2
2
2
2
2
5
9
3
3
2
2
2
2
2
2
2
2
4
9
3
2
2
2
2
2
2
2
2
2
4
8
2
2
2
2
2
