38
44
49
44
43
63
69
52
53
53
54
52
53
47
55
48
41
52
58
58
61
62
63
64
64
64
62
59
64
63
65
62
64
59
56
65
65
55
58
57
51
62
48
49
52
50
46
39
39
45
47
47
47
45
45
47
37
36
39
39
37
36
40
41
37
41
44
42
39
38
40
38
39
38
39
41
41
50
44
44
33
40
40
45
44
39
41
38
36
39
45
51
45
43
45
43
46
45
47
51
51
50
51
48
55
49
53
48
44
31
28
28
29
35
35
37
39
36
35
42
43
46
51
49
48
46
54
53
49
49
45
48
47
48
46
46
40
43
48
48
49
43
48
50
44
48
52
47
47
42
42
42
46
46
43
46
48
43
48
49
42
41
50
46
47
48
46
48
48
39
42
42
40
40
39
34
35
31
37
37
36
35
38
34
33
41
44
39
41
36
35
38
42
37
39
41
43
37
44
43
39
37
40
44
46
38
39
48
41
50
45
43
42
41
45
49
36
41
42
39
39
35
47
43
41
37
41
41
40
38
41
39
35
41
40
39
39
38
38
39
38
40
42
46
44
35
49
45
46
45
48
47
47
41
46
45
46
62
46
56
52
57
53
42
41
44
44
48
53
54
57
55
54
54
53
53
52
51
52
48
48
49
52
50
53
52
56
57
