2
2
2
2
3
10
11
2
2
2
2
2
2
2
2
2
2
2
2
2
2
5
2
2
2
2
2
2
2
2
2
2
2
2
2
2
2
2
2
2
2
2
2
2
2
2
2
2
2
2
2
2
2
2
2
2
2
2
2
2
2
2
2
2
2
2
2
2
2
2
2
1
1
2
1
1
1
2
2
2
2
2
2
2
1
1
1
2
2
2
2
2
2
3
9
2
2
1
1
1
2
2
2
2
2
2
3
9
1
2
2
2
2
2
2
2
2
2
2
2
2
2
2
2
2
2
2
2
2
11
50
52
21
1
2
1
2
2
2
2
2
2
2
2
2
2
2
2
2
2
1
2
2
2
2
2
2
2
2
2
2
2
2
2
2
2
2
2
2
2
2
2
2
2
2
2
2
2
2
2
2
2
2
2
2
2
2
2
2
5
7
2
2
2
2
2
2
2
2
2
2
2
2
2
2
2
2
1
2
6
2
2
1
1
2
2
2
1
1
2
2
2
2
2
2
2
2
2
2
2
2
2
2
2
2
2
2
2
2
2
2
2
2
2
2
2
2
2
2
2
2
2
2
2
2
2
2
2
2
2
2
2
2
2
2
2
1
1
2
2
1
2
2
2
2
2
2
2
2
2
2
2
2
2
1
2
2
2
