2
2
2
3
3
2
2
2
2
4
5
6
6
7
6
6
7
6
6
3
1
2
2
3
2
2
2
4
5
4
2
2
2
2
3
2
3
2
3
2
3
3
2
2
2
2
3
3
2
3
3
2
2
2
2
2
2
2
2
2
2
2
2
2
2
2
2
2
2
2
2
2
2
2
2
2
2
2
2
2
2
2
2
2
2
2
2
2
2
2
2
2
2
2
2
2
2
2
2
2
2
2
2
2
2
2
2
2
2
2
2
2
2
2
2
2
2
2
2
2
2
2
2
2
2
2
2
2
2
2
2
2
2
2
2
2
2
2
2
2
2
3
3
3
2
3
6
4
3
3
3
3
4
5
2
1
1
1
2
1
2
1
1
1
1
1
1
1
1
1
2
1
1
1
1
1
1
1
1
1
1
1
2
1
1
1
1
1
1
1
1
1
1
1
1
1
1
1
1
1
1
1
3
5
3
9
11
9
10
5
4
8
2
2
2
2
2
2
2
2
2
2
2
2
2
2
9
2
3
2
2
2
3
4
9
2
3
5
3
3
7
2
8
8
13
33
9
6
3
6
11
8
16
14
14
3
3
2
1
1
3
4
9
2
2
3
2
3
33
45
90
87
82
85
95
86
78
47
90
78
94
91
95
80
75
76
89
90
