103
103
103
103
103
103
103
103
103
103
103
103
103
103
103
103
103
103
103
102
103
103
103
103
103
103
103
103
103
103
103
103
103
103
103
103
103
103
103
103
103
103
103
103
103
103
103
103
103
103
103
104
104
103
103
103
103
103
103
103
103
103
103
103
103
103
103
103
103
103
104
103
103
104
103
104
103
103
103
96
85
85
85
85
85
85
85
85
74
50
43
43
43
43
43
43
43
43
43
43
43
43
43
43
43
43
43
43
43
43
43
43
43
43
43
43
43
43
43
43
43
43
43
43
43
43
43
31
29
29
29
29
29
29
29
29
29
29
29
29
16
15
15
15
15
15
15
15
15
15
10
0
1
1
1
1
1
1
0
0
0
0
0
0
0
1
0
0
0
0
0
0
0
0
0
0
0
0
0
0
0
0
0
0
0
0
0
0
0
0
0
0
0
0
0
0
0
0
0
0
0
0
0
34
40
3
1
4
58
18
1
26
45
5
0
45
34
1
1
1
1
1
1
19
96
4
69
46
20
89
4
29
16
8
14
11
14
1
0
0
1
1
1
1
1
1
10
25
25
22
30
7
1
1
1
1
1
1
1
11
24
18
19
51
83
98
98
21
86
86
83
84
2
11
67
34
1
1
56
60
4
1
52
48
2
1
0
1
