73
73
73
73
73
73
73
73
73
73
81
84
78
78
79
79
81
100
86
78
78
79
78
86
101
102
101
102
101
101
101
102
101
102
101
102
102
101
101
102
104
103
102
102
102
102
102
103
103
103
103
103
102
102
102
102
102
102
102
102
102
103
103
103
103
103
103
103
103
103
103
103
103
103
103
103
103
99
85
76
69
67
72
83
83
81
69
68
65
58
57
57
46
43
42
29
29
29
29
29
29
29
29
29
29
29
29
29
29
29
29
29
29
29
29
29
29
20
15
15
15
15
15
15
15
15
15
15
15
15
15
15
15
15
15
15
15
15
15
15
15
15
15
14
1
1
1
1
1
1
1
1
1
1
1
1
1
1
1
1
1
1
1
1
1
1
1
1
1
1
1
1
1
1
1
1
1
1
1
1
1
1
1
1
1
1
1
1
1
1
1
1
1
1
1
1
1
1
1
1
1
1
1
33
33
1
1
5
60
1
1
27
39
1
1
55
11
1
1
1
1
1
1
16
89
2
66
42
23
81
2
18
13
6
15
30
16
1
1
1
1
1
1
1
1
1
9
27
22
24
19
6
0
0
0
0
1
1
0
8
20
11
14
18
67
81
79
25
81
65
72
83
46
17
72
47
5
1
62
70
7
1
71
63
6
0
0
0
