101
101
102
101
100
101
104
101
99
102
99
103
103
103
103
103
103
103
103
103
103
103
101
81
88
102
102
102
101
102
102
101
101
100
81
81
81
90
102
99
85
101
97
98
99
100
99
100
99
101
100
100
101
100
103
103
103
104
104
103
104
104
104
104
103
104
104
104
104
104
104
104
104
104
104
104
104
104
104
103
98
98
97
86
71
64
63
68
71
71
71
70
70
62
56
56
56
55
56
56
57
56
56
56
56
57
57
56
55
55
56
57
57
56
55
55
56
57
57
57
57
56
56
57
57
57
57
57
57
57
57
57
56
57
57
57
57
57
56
56
56
48
43
43
36
19
15
15
15
15
15
4
1
1
1
1
1
0
1
0
0
0
0
0
0
0
1
0
0
0
0
0
1
0
1
1
0
0
1
0
0
0
0
0
0
0
0
0
0
0
1
0
0
0
0
0
0
0
0
0
0
1
43
30
0
0
5
63
6
1
28
45
1
1
52
21
0
1
1
1
1
1
17
81
2
64
42
22
93
2
24
15
8
15
27
10
0
0
1
1
0
0
0
0
0
9
23
25
21
23
9
0
0
0
0
0
0
0
10
20
15
15
18
77
98
96
18
72
65
86
84
11
11
95
47
15
1
71
65
22
4
74
68
21
3
0
1
1
