104
104
104
104
104
104
104
104
104
104
104
104
104
103
104
103
104
104
104
104
104
104
104
104
104
104
104
104
104
104
104
104
104
104
104
104
104
104
104
104
104
104
104
104
104
104
104
104
104
104
104
104
104
104
104
104
104
104
104
104
104
104
104
104
104
104
105
105
105
104
104
104
104
104
104
104
104
104
97
91
86
86
86
86
86
84
72
72
72
72
72
72
72
72
71
72
72
72
72
72
72
72
72
72
72
72
72
72
72
72
72
72
72
72
72
72
72
72
72
72
72
72
72
72
72
72
72
72
72
72
72
72
72
72
72
72
72
72
65
58
51
43
29
22
5
1
1
1
1
1
1
1
1
1
1
1
1
1
1
1
1
1
1
1
1
1
1
1
1
1
1
1
1
1
1
1
1
1
1
1
1
1
1
1
0
0
0
1
0
0
0
1
1
1
1
0
0
0
1
0
0
0
1
32
37
6
0
5
55
14
0
23
45
8
0
47
27
3
0
0
0
0
0
13
79
5
63
39
14
84
12
27
13
6
17
27
8
0
0
0
0
0
0
0
0
0
8
24
19
20
23
8
0
0
0
0
0
0
0
9
23
7
15
18
61
76
88
23
85
86
87
88
12
9
85
63
23
1
57
79
29
1
69
78
25
1
0
0
