102
93
102
101
102
101
96
77
77
98
101
101
79
78
78
79
90
102
101
83
79
80
79
80
92
102
100
80
80
79
80
80
98
102
102
102
101
103
101
103
102
101
102
100
103
101
102
102
100
103
102
102
102
102
103
102
102
103
102
101
102
102
102
102
101
102
101
101
103
102
102
102
101
103
102
102
103
101
103
102
102
102
87
64
53
29
29
29
29
29
29
29
29
29
29
29
29
29
29
29
29
29
29
29
29
29
29
29
29
29
29
29
29
29
29
29
29
29
29
29
29
29
29
29
29
29
29
29
29
29
29
29
29
29
29
29
29
29
29
29
29
29
29
21
15
15
15
15
15
15
15
15
15
15
15
15
15
15
13
1
1
1
1
1
1
1
1
1
1
1
1
1
1
1
1
1
1
1
1
1
1
1
1
1
1
1
1
1
1
1
1
1
1
1
1
1
1
1
0
0
0
0
0
33
41
0
0
6
61
6
0
23
50
1
0
51
22
0
0
0
0
0
0
18
91
2
67
40
15
88
4
27
30
7
15
31
19
0
0
0
0
0
0
0
0
0
9
29
25
24
26
10
0
0
0
0
0
0
0
12
23
11
22
55
72
77
77
21
93
83
97
97
11
11
86
54
9
0
68
57
0
0
76
60
0
0
0
0
