102
102
103
102
102
101
102
102
102
102
102
102
102
103
102
102
102
102
102
102
102
102
102
102
103
103
102
103
103
103
103
102
102
102
102
102
102
102
102
102
102
102
102
102
102
102
102
102
102
102
102
103
102
102
102
102
102
102
103
102
102
102
103
102
103
102
102
103
104
104
104
104
104
102
102
102
102
102
103
102
102
102
102
103
102
102
103
103
102
103
103
103
102
102
103
103
103
103
103
103
103
103
103
103
103
103
103
103
102
103
103
103
103
103
103
103
103
103
103
103
103
103
103
103
103
103
103
103
103
99
99
99
99
99
99
99
99
99
100
100
102
102
102
102
100
97
97
97
97
97
97
97
97
81
62
47
43
43
43
43
43
43
43
43
43
43
43
43
43
44
43
43
43
43
43
43
43
43
43
43
43
33
26
15
15
15
15
15
15
15
15
15
15
15
15
15
15
15
15
2
0
0
0
30
33
0
0
2
51
10
0
20
41
1
0
42
24
0
0
0
0
0
0
13
96
9
65
49
17
99
7
23
26
5
11
35
10
0
0
0
0
0
0
0
0
0
7
32
27
15
26
9
0
0
1
0
0
0
0
11
24
12
12
15
67
97
100
26
95
74
103
103
23
11
90
38
0
0
71
75
2
0
79
62
9
0
0
0
