105
105
105
105
105
105
105
105
105
105
105
105
105
105
105
105
105
105
105
105
105
105
105
105
105
105
105
105
105
105
105
105
105
105
105
105
105
105
105
105
105
105
105
105
105
105
105
105
105
105
105
105
105
105
105
105
105
105
105
105
105
105
105
105
105
105
105
105
105
105
105
105
105
105
105
105
105
105
101
90
87
87
87
87
87
87
87
87
87
87
87
87
87
87
87
87
87
87
87
87
87
87
87
87
87
87
87
87
87
86
87
87
87
87
87
87
87
86
87
86
87
87
87
81
72
72
72
64
58
51
34
29
28
15
15
15
15
15
15
15
15
15
15
15
15
15
15
15
15
15
15
2
0
0
0
0
0
0
0
0
0
0
0
0
0
0
0
0
0
0
0
0
0
0
0
0
0
0
0
0
0
0
0
0
0
0
0
0
0
0
0
0
0
0
0
0
0
0
0
0
0
0
36
44
12
0
5
61
21
5
26
52
15
1
50
33
9
0
0
0
0
0
17
88
4
73
43
23
96
5
20
24
3
17
17
12
1
0
0
0
0
0
0
0
0
8
30
22
21
22
9
0
0
0
0
0
0
0
14
10
13
19
13
78
101
103
24
93
76
102
100
13
11
93
54
9
0
72
73
2
0
77
77
21
0
0
1
0
