96
99
101
99
98
99
99
97
96
97
97
95
91
81
55
18
11
0
0
1
82
54
12
0
0
0
19
93
91
68
35
29
15
15
3
0
0
0
0
0
0
3
42
100
80
7
0
0
39
100
101
99
100
100
101
99
101
98
99
99
100
96
83
45
34
15
1
0
0
0
0
0
0
0
0
0
0
0
0
0
0
0
6
101
100
5
0
0
0
0
0
0
0
74
68
14
0
0
0
0
0
0
0
0
0
0
0
0
0
0
0
0
0
0
0
0
0
0
0
0
0
0
0
0
0
0
0
0
0
0
0
0
0
0
0
0
0
0
0
0
1
0
0
0
0
0
0
0
0
0
0
0
0
0
0
0
0
0
0
0
0
0
0
0
0
0
0
0
0
0
0
0
0
0
0
0
0
0
0
0
0
0
0
0
0
0
0
0
0
0
0
0
0
0
0
0
0
0
0
0
0
0
0
0
0
0
0
0
0
0
0
0
0
0
0
0
0
0
0
0
0
0
0
0
0
1
0
0
0
0
0
0
0
0
0
0
0
71
102
34
0
0
0
0
0
0
0
0
0
0
0
0
0
0
0
0
0
0
0
0
0
0
0
0
0
0
0
0
0
0
0
0
0
0
0
0
0
0
0
0
0
0
0
0
0
0
0
0
