1
1
19
92
85
72
36
13
1
1
1
1
1
1
1
1
1
1
25
93
77
1
0
0
30
98
97
97
97
98
98
98
96
97
97
97
95
96
97
98
95
96
95
96
96
92
74
66
67
62
54
25
25
25
25
22
5
1
6
96
98
34
14
13
13
13
13
13
12
64
75
17
1
1
1
1
0
1
0
0
0
0
0
0
0
0
1
1
1
0
0
0
0
0
0
0
0
0
1
0
0
0
0
0
0
0
0
1
0
0
1
0
0
0
0
0
1
0
0
0
0
0
1
0
0
0
0
0
0
0
0
1
0
0
1
0
0
0
0
0
0
0
0
0
0
0
1
0
0
0
0
0
1
0
0
0
0
0
1
0
0
0
0
1
0
1
0
0
0
0
1
1
1
0
0
0
0
0
0
0
0
0
1
0
0
0
0
0
0
0
1
1
0
0
1
0
0
0
1
0
0
0
0
0
0
1
1
0
0
0
0
0
1
69
97
67
13
13
13
14
14
13
13
10
2
2
1
2
1
1
1
1
1
1
1
1
1
1
1
1
1
1
1
1
1
1
1
1
1
1
1
1
1
1
1
1
1
1
1
1
1
1
1
1
1
1
1
1
1
1
1
1
1
1
1
1
1
1
1
1
1
1
1
1
1
1
1
1
