92
95
99
100
83
83
83
83
90
100
99
87
103
101
103
103
101
103
103
102
102
103
102
102
104
102
102
104
102
102
104
102
102
104
102
102
104
102
102
103
102
102
103
102
102
103
102
103
104
101
103
103
101
103
103
102
103
104
102
102
103
102
103
104
102
103
104
102
103
104
102
103
103
103
102
104
102
102
104
102
99
97
97
97
97
97
97
90
86
86
86
86
86
86
86
86
86
86
86
86
86
86
86
86
86
86
86
86
86
86
86
86
86
86
86
86
86
86
86
86
86
86
86
86
86
86
86
86
86
86
86
86
86
86
86
86
86
86
86
74
67
57
57
57
57
57
57
57
57
57
57
57
57
57
57
57
57
57
57
57
57
57
57
44
43
43
43
43
43
43
43
43
43
43
39
29
29
29
29
29
29
29
29
29
29
29
29
24
14
1
1
1
1
1
1
1
1
1
1
1
1
1
1
35
28
0
1
2
57
4
0
26
36
1
0
49
16
0
1
1
1
0
1
1
1
1
1
1
1
2
1
24
20
15
13
38
16
1
1
1
1
1
1
1
1
1
1
1
1
1
1
1
1
1
1
1
1
1
1
12
42
12
14
34
1
1
1
1
1
1
1
1
1
1
1
1
1
1
1
1
1
1
1
1
1
1
1
1
