104
103
104
104
104
104
104
104
104
104
104
104
104
104
104
104
104
104
104
104
104
104
104
104
104
104
104
104
104
104
104
104
104
104
104
104
104
104
104
104
104
104
104
104
104
104
104
104
104
104
104
104
104
104
104
104
104
104
104
104
104
104
104
104
104
104
104
104
104
105
104
104
104
105
104
104
104
104
100
98
98
98
98
98
98
98
96
86
86
86
87
86
86
86
86
86
86
86
86
86
86
86
86
86
86
86
86
86
87
87
87
86
86
86
87
86
87
87
87
87
87
87
87
87
87
87
87
87
87
87
87
87
87
87
87
87
87
87
87
87
87
87
84
72
72
62
42
29
29
29
29
29
29
18
15
15
15
15
15
15
15
15
15
15
15
15
15
15
15
15
15
15
15
15
15
15
15
15
15
15
15
7
0
0
0
0
0
0
0
0
0
0
0
0
0
0
0
0
0
0
0
0
0
30
38
0
0
2
56
8
0
21
44
1
0
45
26
0
0
0
0
0
0
0
0
1
0
0
0
2
0
27
14
9
14
24
11
1
0
0
0
0
0
0
0
0
0
0
0
0
0
0
0
0
0
0
0
0
0
12
21
17
27
55
0
0
0
0
0
0
0
0
0
1
0
0
0
0
0
0
0
0
0
0
0
0
0
0
