100
100
100
101
100
101
100
101
100
101
100
100
100
100
101
100
101
100
101
100
101
101
101
101
100
101
100
101
100
101
100
102
100
101
101
101
100
101
101
101
101
100
101
100
101
100
101
100
101
100
101
100
101
101
100
101
100
101
100
101
100
101
100
101
100
101
100
101
101
100
101
101
101
100
101
100
101
100
101
100
101
100
96
96
96
96
96
88
84
84
84
84
84
84
84
84
84
84
84
84
84
84
84
84
84
84
84
84
84
84
84
84
84
84
84
84
84
84
84
82
70
70
70
70
70
70
71
70
71
71
71
71
70
71
70
71
70
71
71
71
70
70
70
60
49
43
37
29
29
29
29
29
29
29
29
29
29
29
29
29
29
29
29
28
15
15
15
15
15
15
15
15
15
15
15
15
15
15
15
15
15
15
15
15
15
15
15
15
15
15
16
15
15
15
15
15
15
15
15
9
1
1
1
33
28
0
1
5
53
2
0
23
36
0
0
46
26
0
0
1
1
1
0
0
0
0
0
1
1
2
1
32
16
5
16
33
11
0
0
1
1
1
1
1
1
1
1
1
1
1
1
1
1
1
1
1
1
1
1
12
29
12
25
56
0
0
0
1
1
1
1
1
1
1
1
1
1
1
1
1
1
1
1
1
1
1
1
1
