102
103
102
103
103
102
104
102
103
103
102
103
102
103
103
103
103
102
104
102
103
103
102
104
102
103
103
102
104
101
104
102
103
103
103
104
103
103
102
103
102
104
102
104
102
104
102
104
103
103
103
102
100
102
103
102
103
103
103
102
102
103
102
103
102
103
102
103
102
102
102
101
103
102
102
102
102
102
102
103
100
96
96
88
85
85
85
85
85
85
85
85
85
85
85
85
85
85
85
79
71
71
71
71
71
71
71
71
71
71
71
71
71
71
71
71
71
71
71
71
71
71
71
71
71
71
71
71
71
71
71
71
71
71
63
57
57
57
57
57
57
57
57
57
57
57
57
57
57
51
43
31
26
15
15
15
15
15
15
15
15
15
15
15
1
1
1
1
1
1
1
1
1
1
1
1
1
1
1
1
1
1
1
1
1
1
1
1
1
1
1
1
1
1
1
1
1
1
1
1
1
1
33
27
1
1
6
49
3
1
25
32
1
1
46
10
1
1
1
1
1
1
1
1
1
1
1
1
2
1
20
17
8
18
28
16
1
1
1
1
1
1
1
1
1
1
1
1
1
1
1
1
1
1
1
1
1
1
13
32
12
18
23
2
1
1
1
1
1
1
1
1
1
1
1
1
1
1
1
1
1
1
1
1
1
1
1
1
