101
102
101
101
102
100
100
97
94
101
102
94
100
102
100
101
102
99
101
102
100
102
102
99
102
102
100
102
102
99
102
103
101
102
103
100
101
103
101
102
103
100
101
103
101
101
103
99
101
102
101
101
102
99
101
103
102
101
103
100
101
103
102
101
103
102
102
103
101
100
103
102
101
103
102
101
101
98
96
97
96
96
96
87
84
84
84
74
71
71
71
71
71
71
71
70
70
71
71
71
71
71
71
71
70
70
71
71
71
71
71
71
71
71
71
71
71
71
71
71
71
71
71
71
71
59
54
43
43
43
43
43
35
29
29
29
29
29
29
29
29
29
29
29
29
29
29
29
29
29
29
29
29
29
29
29
29
29
29
29
29
29
29
29
29
29
29
29
29
29
29
29
29
29
29
29
29
29
29
29
29
29
29
29
29
29
29
21
15
15
15
15
15
15
15
15
15
15
1
1
1
1
1
27
23
1
1
5
40
3
0
22
26
1
1
38
22
1
1
1
1
1
0
0
1
1
1
1
1
2
1
19
31
7
12
42
9
1
1
1
1
1
1
1
1
1
1
1
1
1
1
1
1
1
1
1
1
1
1
10
25
10
20
48
0
1
1
1
1
1
1
1
1
1
1
1
1
1
1
1
1
1
1
1
1
1
1
1
