103
102
102
103
102
102
103
102
103
103
102
103
103
103
103
103
102
103
102
103
103
103
103
103
102
103
103
103
103
103
102
103
102
103
103
103
102
103
103
103
103
103
103
103
103
103
103
102
103
103
103
103
103
103
103
103
103
102
103
103
103
103
103
103
103
102
103
103
103
103
103
103
103
103
103
103
103
103
102
103
103
103
103
103
103
103
103
103
103
103
103
103
103
103
103
103
102
103
103
103
103
103
103
103
103
103
103
103
103
103
103
103
103
103
103
103
103
103
103
103
103
102
103
103
103
103
103
103
103
103
103
103
103
103
103
103
103
103
103
103
104
104
104
104
104
104
104
104
104
104
104
104
104
104
104
104
93
83
64
51
39
29
29
29
29
29
29
29
29
29
29
29
29
29
29
29
18
15
15
15
15
15
15
15
15
15
15
15
3
1
1
1
1
1
1
1
1
1
1
1
1
1
1
2
10
0
0
1
7
5
0
2
10
1
0
0
0
0
0
0
0
0
0
0
0
0
1
1
1
2
1
20
25
8
13
25
13
0
0
0
0
0
0
0
0
0
1
1
1
1
1
1
1
1
1
1
1
1
1
12
20
9
21
56
0
0
0
0
0
0
0
0
0
0
1
1
1
1
1
1
1
1
1
1
1
1
1
1
