60
59
60
59
62
63
58
60
59
57
61
62
57
20
50
60
62
64
64
64
63
61
61
63
62
62
63
63
63
63
63
62
62
62
62
63
62
62
62
62
63
62
62
63
62
62
62
63
63
63
63
63
63
63
61
63
62
63
62
63
62
63
62
64
62
62
61
63
64
63
63
63
62
62
60
44
6
3
3
3
3
2
2
2
2
2
2
3
2
3
2
3
3
3
2
2
2
16
64
63
65
63
63
65
33
19
18
17
17
17
19
59
62
63
65
62
64
61
63
65
31
18
17
17
18
18
20
18
50
64
63
63
64
64
61
63
59
39
18
17
18
17
17
29
64
61
64
65
63
64
63
64
40
18
17
17
18
18
19
7
0
10
17
16
23
17
17
16
16
17
16
17
16
17
16
16
16
16
17
17
4
0
0
0
0
0
0
0
0
0
0
0
0
0
0
0
0
0
0
0
0
0
0
0
0
0
0
3
12
14
16
15
15
16
16
6
0
0
0
0
0
0
0
0
0
0
0
0
0
0
0
0
0
0
0
0
0
0
0
0
0
0
0
0
0
0
0
0
0
0
0
0
0
0
0
0
0
0
0
0
0
0
0
0
0
0
0
0
0
0
0
0
0
0
0
0
0
0
0
0
0
0
0
0
0
0
0
0
