3
6
5
3
5
3
4
4
4
11
4
8
8
5
7
4
5
6
5
4
4
5
5
7
6
5
7
14
7
37
5
6
5
8
7
4
5
4
7
5
5
6
9
5
5
4
5
5
4
5
7
5
4
5
5
5
5
5
5
6
6
5
8
5
5
6
5
4
4
5
4
4
5
6
9
5
6
4
4
5
5
5
5
4
4
4
9
9
6
5
4
4
4
5
5
4
5
4
8
6
6
7
7
7
6
6
6
7
7
7
9
6
10
7
6
6
9
7
7
7
10
4
6
5
4
4
5
4
4
6
10
9
5
7
7
4
5
4
5
4
4
5
4
4
5
5
7
5
6
4
4
5
8
7
5
4
5
5
7
6
5
4
5
4
4
5
6
4
6
5
5
5
7
4
5
8
5
4
5
5
4
6
5
5
5
4
4
4
4
5
7
4
5
5
8
5
5
45
12
5
5
4
4
4
5
4
6
5
5
4
4
5
5
5
7
4
7
12
6
9
8
46
11
6
4
4
4
4
4
5
8
5
4
6
7
5
6
7
5
5
4
5
7
6
6
51
14
5
5
5
4
4
4
5
7
5
9
10
8
8
7
7
6
8
7
7
8
7
8
51
16
10
11
9
6
10
7
6
11
9
11
6
7
9
9
7
17
6
