2
3
5
3
2
3
2
3
2
4
4
3
2
2
2
2
5
12
4
3
5
5
3
3
2
2
5
4
5
3
5
3
4
3
3
3
2
3
5
3
3
5
2
2
2
2
2
3
2
3
2
2
2
2
2
3
2
2
2
2
2
2
1
2
2
2
3
2
3
5
5
2
2
3
6
4
4
4
3
2
3
3
3
3
4
2
3
3
3
3
3
2
2
2
2
2
2
2
2
1
2
2
2
2
3
2
2
2
2
2
2
1
2
2
2
2
2
2
9
2
2
3
2
5
6
5
3
3
2
3
3
3
2
3
2
2
2
4
4
3
3
2
8
2
3
2
3
1
2
2
2
2
2
2
2
1
2
1
2
2
2
2
2
2
2
2
8
3
2
2
2
2
6
6
4
3
3
3
3
2
3
2
5
3
2
3
3
4
2
2
2
2
2
1
2
2
2
2
2
2
2
2
2
2
2
4
2
2
3
2
4
2
6
7
4
8
17
5
7
4
18
9
6
6
16
7
6
5
4
3
4
2
5
4
2
3
3
2
4
3
6
11
5
3
3
3
6
3
4
5
4
2
3
1
5
2
3
3
4
3
4
3
3
3
8
8
3
4
4
6
6
4
4
4
3
3
3
2
3
2
3
3
3
3
3
4
4
2
