4
5
6
7
6
6
6
6
8
6
6
5
5
3
3
4
3
3
3
3
3
3
3
3
3
3
3
3
5
11
3
4
3
3
3
3
4
3
3
3
3
3
3
3
3
3
3
3
3
3
3
3
3
3
3
3
3
3
3
3
3
3
3
3
7
7
3
4
4
3
3
3
3
3
3
3
3
3
3
3
3
3
3
3
3
3
3
3
3
3
3
3
5
3
3
3
3
3
3
3
6
24
3
3
3
3
4
3
3
3
3
3
3
3
3
3
3
16
3
4
5
3
3
3
3
3
3
3
3
3
3
7
9
9
9
9
8
9
9
9
9
4
3
3
3
3
3
3
5
3
3
3
3
3
3
3
3
3
3
3
3
3
3
3
3
3
3
3
3
3
3
3
3
3
3
3
4
3
3
3
3
3
2
3
3
3
3
3
3
3
3
3
3
3
3
3
3
3
3
3
3
3
3
3
4
3
3
3
3
3
3
3
7
4
5
3
3
3
3
3
3
3
3
3
4
7
5
3
3
3
2
3
4
4
4
3
3
6
4
3
3
2
2
3
3
3
2
3
2
3
3
4
3
3
3
3
3
3
2
3
5
3
3
2
3
3
4
8
4
5
7
6
5
4
3
3
3
3
2
4
3
3
3
7
5
5
5
4
