2
5
7
2
2
4
3
3
2
2
4
5
3
2
2
3
3
2
2
2
2
1
1
1
1
3
3
2
2
1
1
1
1
1
1
1
1
1
1
1
1
1
1
2
1
1
1
1
1
1
1
1
1
1
1
1
1
1
1
1
1
1
1
1
1
1
1
1
1
1
1
1
1
1
1
1
1
1
1
1
1
1
1
1
1
1
1
1
1
1
1
1
1
1
1
1
1
1
1
1
2
28
38
34
5
1
1
1
1
1
1
1
1
1
1
1
1
1
1
1
1
1
1
1
3
2
1
1
1
1
1
1
1
1
1
1
1
1
1
2
1
1
1
1
1
1
1
1
1
1
1
1
1
1
1
1
1
1
1
1
1
1
1
1
1
1
1
1
1
1
1
1
1
1
1
1
1
1
1
1
1
1
1
1
1
1
1
1
1
1
1
1
1
1
1
1
1
1
1
1
1
1
1
1
1
1
1
1
1
1
1
1
1
2
2
2
1
1
1
1
1
1
1
1
1
1
1
2
2
1
2
1
1
1
2
1
1
1
2
1
2
1
2
1
1
2
2
1
1
1
1
1
1
1
1
1
4
3
1
1
1
1
1
1
1
1
1
1
1
2
2
1
1
1
1
1
1
2
8
1
1
1
1
1
1
1
1
1
