8
8
8
8
8
9
8
8
8
8
8
8
8
8
8
9
8
9
8
8
8
8
9
8
9
8
8
9
8
9
8
8
8
8
8
8
8
8
8
8
8
9
8
8
8
8
8
9
9
8
8
9
8
9
8
8
8
9
9
8
8
9
8
9
8
8
8
8
7
7
8
8
8
8
8
8
8
21
12
8
24
23
28
9
9
7
8
9
8
8
7
8
8
8
7
7
9
7
8
8
8
13
8
8
44
46
26
7
7
7
7
8
8
8
9
8
8
8
6
7
7
7
7
7
7
7
7
7
7
6
7
7
8
8
7
6
7
8
8
7
7
7
7
6
8
7
8
7
8
8
8
8
7
8
8
8
6
6
8
7
6
7
7
7
8
6
11
10
8
8
8
9
9
41
37
10
8
9
8
8
8
8
8
9
8
8
9
6
10
8
6
9
8
8
8
9
8
8
8
9
8
9
8
8
9
8
7
9
8
9
9
8
9
8
8
8
8
8
8
8
9
9
8
8
8
9
8
9
9
8
9
8
8
8
9
8
8
8
9
8
8
8
8
8
7
8
7
9
8
8
8
8
8
9
8
9
8
9
9
8
8
9
8
8
8
9
8
8
8
9
8
8
9
9
8
8
9
8
8
9
8
9
9
8
8
8
8
8
