3
3
3
3
3
3
3
3
7
9
3
3
3
3
3
8
3
3
3
9
3
3
3
3
3
3
3
3
3
3
3
8
3
3
3
9
3
3
3
3
3
3
3
3
3
3
3
3
3
3
3
3
3
3
3
3
3
3
3
3
3
3
3
3
3
3
3
3
3
3
3
3
3
2
2
2
2
2
2
2
2
3
2
3
3
3
2
2
2
2
2
2
2
3
2
3
3
2
2
3
2
2
2
2
3
2
2
3
3
3
2
2
2
3
2
2
3
2
2
3
3
2
3
2
3
3
3
2
3
2
3
3
3
2
2
2
3
3
2
2
3
3
2
3
3
3
2
3
3
3
3
2
3
3
3
2
3
2
2
2
2
2
2
2
2
2
2
2
3
2
2
2
2
2
2
2
2
2
2
3
3
2
2
2
2
2
2
2
2
2
2
2
3
2
2
2
2
3
2
2
3
2
2
3
3
2
2
2
2
2
2
2
2
2
2
3
3
2
3
2
2
2
2
2
2
2
2
2
2
2
3
2
2
2
2
2
2
2
2
3
2
2
2
2
2
2
2
2
2
2
2
3
2
2
2
2
2
2
2
2
2
2
2
3
3
2
2
2
2
2
2
2
2
2
2
2
2
2
2
2
2
2
2
2
2
2
2
3
