2
2
2
2
6
2
2
6
10
2
2
2
2
2
10
2
2
2
11
2
2
2
2
2
2
2
2
2
2
2
11
2
2
2
9
2
2
2
2
2
2
2
2
2
2
2
2
2
2
2
2
2
2
2
2
2
2
2
2
2
2
2
2
2
2
2
2
2
2
2
2
2
2
1
1
1
1
2
2
2
2
2
1
2
1
1
1
2
2
1
1
1
1
1
1
2
2
2
2
2
2
1
1
1
2
2
1
2
2
2
2
2
2
1
2
1
1
2
2
2
1
2
1
1
2
2
1
2
2
1
2
2
1
1
2
1
2
1
2
2
2
2
2
2
2
1
1
2
2
1
1
1
2
1
1
2
1
1
1
1
2
1
2
1
2
2
2
2
2
2
1
2
2
1
1
1
1
1
2
2
1
2
2
1
2
1
1
1
1
2
2
2
2
2
1
1
2
1
1
2
2
1
2
2
1
1
2
1
2
1
1
1
1
2
2
2
1
1
1
2
2
1
1
2
1
1
2
2
1
2
1
2
2
2
2
2
2
1
1
2
2
2
2
1
2
1
1
2
1
1
2
2
1
1
1
1
2
1
1
1
1
1
2
2
1
2
1
2
2
1
2
2
2
1
2
2
1
2
2
2
2
2
1
1
2
1
2
2
