1
1
1
1
1
2
1
1
1
1
1
2
1
1
2
1
1
3
1
2
1
1
1
2
1
2
1
1
2
10
15
1
8
1
1
1
1
1
2
3
10
26
2
2
1
1
2
2
1
1
1
1
1
4
2
6
3
1
1
1
1
1
2
1
1
1
1
3
1
2
1
1
1
1
1
0
1
1
1
2
1
1
1
1
1
1
1
0
10
22
23
3
1
0
1
1
1
1
1
0
1
1
1
2
1
0
2
5
6
4
1
1
7
27
1
1
1
0
1
1
1
1
1
0
1
1
1
2
1
0
1
1
1
1
1
0
1
1
1
1
1
1
1
1
1
1
1
1
1
1
1
1
1
1
1
1
1
1
1
1
1
1
1
1
1
1
1
1
1
1
1
0
1
1
1
2
1
1
1
1
1
1
0
0
16
18
1
2
1
0
1
1
1
1
1
0
1
1
1
1
1
1
1
1
2
3
3
3
5
5
4
4
4
4
3
1
4
3
1
1
2
1
1
1
1
1
1
1
1
1
1
0
16
25
3
9
1
4
1
1
1
0
0
0
1
1
1
2
1
1
1
1
1
1
1
1
2
1
1
2
1
0
1
1
1
1
1
0
1
6
9
4
4
4
7
8
8
7
7
8
22
28
7
8
8
4
3
4
