4
7
4
8
9
14
5
8
62
7
8
5
4
4
7
8
5
5
6
6
5
5
5
5
5
5
5
6
5
5
6
6
5
5
5
5
4
4
4
4
4
4
4
4
4
4
4
4
4
4
4
4
4
4
4
4
5
4
4
5
5
5
5
5
5
5
5
4
4
4
4
4
4
4
4
4
4
4
4
4
4
4
4
4
4
4
4
4
4
4
4
3
4
3
4
4
4
4
4
4
4
4
4
3
4
3
3
3
4
4
4
4
4
4
4
3
4
4
4
4
4
4
4
4
4
4
4
3
3
3
3
4
4
4
4
4
4
4
4
3
4
4
4
4
4
4
4
4
4
4
4
4
4
4
3
4
4
4
4
4
4
4
4
3
4
3
4
4
4
4
4
4
4
4
4
3
4
3
3
4
4
4
4
4
4
4
4
3
4
3
3
3
4
4
4
4
4
4
4
3
4
3
3
3
4
4
4
4
4
4
4
3
4
3
3
4
4
4
3
3
3
3
4
3
4
3
3
3
3
3
3
3
4
4
4
3
4
3
3
3
3
3
3
3
3
3
4
3
3
3
3
3
3
3
3
3
3
3
4
3
4
3
3
3
3
3
3
3
3
3
4
3
3
3
3
3
3
3
3
3
6
9
6
3
4
3
3
3
