1
1
1
1
1
1
1
1
1
1
1
1
3
2
1
2
1
1
1
1
1
2
1
17
9
1
1
1
1
1
1
1
1
4
1
1
2
4
1
1
1
1
1
1
1
1
1
1
1
1
1
1
1
1
1
12
1
1
1
1
17
8
1
2
3
24
21
2
6
20
4
1
1
1
1
1
1
1
1
1
1
1
1
1
1
1
1
1
1
1
1
1
1
1
1
1
1
1
1
1
1
1
1
1
1
1
1
1
1
1
1
1
1
1
1
1
1
1
1
1
1
1
1
1
1
1
1
1
1
1
1
1
1
1
1
1
1
1
1
1
1
1
1
1
2
1
1
1
1
1
1
1
1
1
1
1
1
1
1
1
1
1
1
1
1
1
1
1
1
1
1
1
1
1
1
1
1
1
1
1
1
1
1
1
1
1
1
1
1
1
1
1
1
1
1
1
1
1
1
1
1
1
1
1
1
1
1
5
17
2
1
12
10
3
7
15
1
1
1
4
1
2
1
3
7
3
6
3
3
2
1
1
1
2
1
1
1
1
1
1
1
1
1
1
4
1
1
1
1
1
1
1
1
1
1
1
1
1
1
1
1
1
1
1
1
1
1
1
2
4
1
2
1
5
16
9
1
1
1
1
1
3
2
11
16
3
1
1
