90
2
7
93
97
97
97
97
37
1
70
97
96
96
95
82
2
67
94
94
94
96
72
1
1
63
95
95
96
97
81
3
11
94
96
96
96
96
37
1
0
1
6
3
3
1
1
1
1
1
1
1
1
1
1
1
1
1
1
1
1
1
1
1
1
1
1
1
1
1
1
1
1
1
2
1
1
5
55
93
98
90
72
33
39
96
96
96
76
27
41
55
55
56
86
70
82
74
58
93
84
82
50
1
23
97
97
98
70
29
60
57
83
88
57
67
102
100
62
24
62
101
101
103
79
30
32
82
101
101
63
61
98
62
59
73
58
74
103
103
73
17
24
69
103
102
102
101
35
1
1
0
0
0
0
19
102
103
103
103
103
102
44
1
39
102
102
102
102
99
16
1
43
103
102
102
103
103
103
42
1
0
0
1
7
96
102
102
102
102
56
1
0
0
1
50
103
103
103
103
103
53
1
0
1
44
102
99
102
102
100
20
1
0
1
1
0
2
86
103
103
103
101
96
21
7
100
101
99
102
102
92
4
1
1
1
1
1
1
1
2
74
103
103
103
101
100
25
20
57
59
100
103
102
62
58
84
72
57
57
57
27
1
1
1
5
93
103
101
101
87
1
1
1
1
1
64
103
102
102
102
101
102
33
6
95
102
102
