51
29
29
61
86
84
84
35
1
64
86
90
99
50
30
82
75
85
82
82
82
83
83
91
96
80
81
82
84
63
24
1
1
69
86
88
88
94
96
16
10
88
96
95
96
96
58
30
94
94
96
95
96
45
1
29
73
75
75
50
48
65
91
95
84
55
29
71
78
75
76
80
28
2
73
89
84
88
98
93
49
12
91
93
97
98
99
99
92
89
99
99
99
101
101
99
86
86
99
72
29
35
93
92
86
87
93
60
29
32
95
90
86
99
104
88
31
35
92
86
86
88
102
82
30
46
86
86
98
102
101
58
29
54
84
84
83
85
93
60
30
83
86
86
86
86
66
1
1
1
2
76
102
103
102
102
90
1
2
84
103
103
103
103
97
20
0
0
0
0
0
0
61
104
104
104
104
82
0
0
0
21
104
104
104
105
104
65
0
0
0
0
22
104
104
104
104
104
31
0
0
0
0
3
90
104
104
103
102
97
2
0
0
45
105
103
104
104
100
9
0
0
0
0
0
0
0
6
10
3
0
0
0
0
18
104
104
104
104
104
69
0
35
105
105
104
50
2
61
103
103
86
58
27
60
102
100
73
52
0
0
0
0
0
36
102
101
101
102
101
50
1
1
77
101
100
101
102
99
7
1
1
1
1
1
6
94
102
