58
29
1
35
102
102
101
92
57
11
3
75
98
99
99
98
87
6
68
99
99
98
98
47
1
1
96
98
98
97
96
85
3
12
89
99
96
98
96
54
1
1
1
5
3
2
0
0
1
0
0
0
0
0
0
0
0
0
0
0
0
0
0
0
0
0
0
0
0
0
0
0
0
0
0
0
0
0
9
95
101
99
67
2
74
101
101
100
100
70
7
92
100
101
101
100
97
9
75
100
101
101
100
101
27
5
89
101
101
100
101
99
9
52
101
101
100
101
101
61
5
90
100
100
101
102
90
8
46
101
101
102
102
101
62
4
86
101
102
102
102
94
16
34
101
102
102
102
103
65
1
1
1
1
1
1
18
103
102
100
102
101
103
47
1
32
102
103
103
103
102
24
1
35
101
101
101
102
103
103
50
5
0
0
0
4
91
102
103
103
103
55
1
0
0
1
43
103
103
103
102
102
45
1
1
0
36
102
99
101
103
100
25
1
0
0
0
2
2
80
103
103
103
102
87
17
4
91
97
74
100
98
98
28
1
0
1
1
1
1
1
2
74
103
103
103
102
100
12
25
102
103
103
103
103
72
1
51
103
101
102
103
99
7
1
1
5
93
99
97
98
81
2
0
1
1
1
64
100
100
103
103
98
100
24
6
95
103
