81
58
58
80
60
71
85
39
29
62
57
70
77
31
30
76
74
86
86
84
83
83
83
83
83
85
100
102
102
65
29
19
1
16
98
98
98
98
97
20
1
1
1
7
4
4
1
1
1
1
1
1
1
1
1
1
1
1
1
1
1
1
1
1
1
1
1
1
1
1
1
1
1
1
1
1
1
1
9
76
96
98
84
43
46
61
98
100
99
69
18
56
57
57
58
93
65
57
87
68
81
86
84
5
1
20
103
104
104
76
58
44
29
70
96
86
91
104
94
37
10
81
104
104
104
94
47
0
45
104
104
104
104
104
36
2
86
104
104
104
104
91
7
32
104
104
104
104
104
57
0
0
0
0
0
0
17
103
104
105
105
104
104
37
0
38
104
105
104
105
92
9
0
42
104
104
104
104
105
98
32
0
0
0
1
6
96
104
104
104
104
44
0
0
0
0
49
104
104
104
104
104
37
0
0
1
42
102
102
101
102
99
15
1
1
1
1
1
2
85
103
101
102
102
99
15
7
95
101
101
101
101
83
5
1
1
1
1
0
0
0
1
72
101
100
101
100
101
25
13
30
31
81
97
101
92
85
85
43
1
35
100
102
102
100
101
94
31
1
1
3
10
98
102
101
101
100
50
1
2
74
102
101
101
102
57
1
1
