100
73
1
7
92
100
101
100
101
33
1
59
78
89
87
90
87
24
2
55
62
62
63
61
60
8
28
84
89
94
95
93
52
1
1
1
1
1
1
0
10
91
99
99
99
99
54
27
98
99
100
100
100
50
1
49
93
100
100
100
96
35
36
57
57
48
68
79
84
84
84
44
29
45
96
83
96
94
33
55
74
80
82
51
24
41
99
100
101
66
4
42
86
86
83
28
35
100
102
91
84
14
38
103
102
102
95
5
51
103
102
102
94
1
72
102
102
102
70
1
64
102
102
102
95
4
59
103
103
103
96
5
31
103
103
103
103
37
8
98
103
102
103
65
1
0
0
1
18
102
103
102
102
102
103
50
1
1
45
97
104
104
105
101
8
0
32
104
104
104
104
104
59
0
0
0
0
0
1
84
104
104
104
104
66
0
0
0
1
84
104
104
104
104
97
11
0
0
0
26
104
104
104
104
101
19
0
0
1
1
1
49
101
102
102
100
102
50
3
84
101
102
101
101
96
14
7
93
101
97
102
101
87
5
1
1
1
1
1
0
0
1
74
102
103
104
103
97
20
24
87
84
93
97
101
57
29
68
98
86
86
86
60
1
1
0
4
90
101
102
102
66
6
0
0
0
1
61
100
102
100
100
102
93
22
5
93
102
