100
65
29
55
68
67
83
55
29
66
57
58
71
44
24
63
76
81
85
66
62
62
63
62
62
78
96
85
86
90
81
32
6
11
98
102
102
102
102
38
1
1
1
6
3
3
1
1
1
1
1
1
1
1
1
1
1
1
1
1
1
1
1
1
1
1
1
0
0
0
0
0
0
1
0
0
0
0
0
29
88
85
80
81
54
13
81
82
87
90
39
22
84
84
85
70
35
99
100
95
84
10
38
101
101
101
98
12
50
98
98
98
91
1
62
84
87
99
46
29
68
89
103
103
77
17
52
86
95
103
86
29
55
102
93
86
60
1
9
98
103
102
103
54
1
0
0
0
18
101
103
103
103
103
95
13
1
1
53
103
103
103
103
99
4
1
32
102
102
103
103
103
45
1
0
0
1
1
2
84
103
103
103
103
55
1
0
0
2
83
103
103
102
99
92
11
1
1
1
20
100
101
102
99
99
22
1
0
1
1
1
43
102
103
103
100
103
36
2
79
103
103
102
102
95
11
5
85
98
71
101
97
93
24
1
1
1
1
1
1
1
1
73
100
104
104
104
96
9
0
0
2
89
104
104
104
104
104
87
2
34
104
101
103
98
99
96
36
1
1
1
10
100
104
101
101
104
61
0
1
75
104
100
100
102
67
2
1
