102
70
0
33
87
94
103
80
54
20
0
64
87
87
87
90
15
0
64
102
103
103
103
80
10
0
61
103
103
102
103
73
9
0
0
0
0
0
0
0
9
58
58
58
74
84
58
69
103
103
66
58
37
0
1
50
101
103
103
93
59
22
69
87
86
40
48
68
87
86
87
32
29
39
88
87
99
95
86
33
25
32
64
87
98
102
103
85
36
35
58
89
103
103
103
66
29
57
58
58
65
29
45
31
29
43
87
86
80
22
29
52
58
85
91
64
64
86
56
26
24
62
103
103
89
49
9
28
79
103
94
58
59
93
58
58
39
29
46
103
102
94
26
12
39
103
103
102
98
37
0
36
86
86
86
86
38
0
0
0
0
0
0
0
0
63
103
103
103
103
104
82
8
0
66
104
103
103
102
102
19
0
0
0
0
3
90
103
103
103
102
46
0
0
0
0
41
103
103
102
103
104
41
0
0
0
34
103
102
103
103
98
15
0
0
0
0
0
1
79
103
104
103
103
94
2
0
18
104
104
103
103
95
13
13
101
104
103
103
103
62
0
35
102
102
103
37
2
81
103
103
87
35
21
86
86
84
20
0
2
34
103
103
103
104
104
99
36
0
0
0
10
101
105
104
105
105
53
0
1
76
104
104
105
105
70
0
0
