103
67
0
11
102
103
103
103
104
24
1
75
103
103
104
103
81
0
3
79
86
86
86
44
0
0
37
103
103
103
104
95
12
0
0
0
0
0
0
0
0
0
0
4
2
2
0
0
0
0
0
0
0
0
0
0
0
0
0
0
0
0
0
0
0
0
0
0
0
0
0
0
0
0
0
0
0
0
9
82
103
103
73
46
48
71
104
103
103
45
5
70
86
86
86
71
36
58
94
86
70
58
53
8
0
21
102
103
104
82
57
45
29
70
95
86
91
104
83
29
4
62
104
103
103
83
21
0
46
103
104
103
103
103
49
2
75
86
91
103
103
62
29
39
86
86
86
86
47
0
0
0
0
0
0
0
18
103
102
102
101
102
103
55
0
32
105
104
105
105
104
11
0
36
105
104
105
105
105
104
29
0
0
0
0
3
93
105
104
104
104
54
0
0
0
0
43
104
104
104
105
102
45
0
0
0
36
104
104
104
104
101
21
0
0
0
0
0
0
0
42
104
105
105
105
100
10
0
0
0
0
1
1
0
20
104
104
104
104
104
87
1
36
103
103
103
68
2
62
103
103
77
58
27
60
86
86
33
15
0
4
80
85
86
69
2
0
0
5
95
104
104
103
103
103
72
6
0
3
90
103
103
103
102
73
0
2
89
