103
42
29
63
90
87
86
24
1
66
87
93
104
44
29
84
68
86
87
86
86
87
86
86
86
82
101
104
76
29
29
6
0
11
103
104
104
104
103
20
0
0
0
4
2
2
0
0
0
0
0
0
0
0
0
0
0
0
0
0
0
0
0
0
0
0
0
0
0
0
0
0
0
0
0
0
0
0
7
59
104
104
96
73
20
40
103
104
90
57
6
17
58
58
56
86
87
87
68
31
59
86
84
37
29
34
57
58
66
60
85
56
30
49
80
58
64
81
31
21
28
64
87
83
52
44
29
47
76
86
51
29
45
56
86
86
70
58
65
34
29
77
81
72
86
86
65
29
29
2
0
43
87
86
86
86
40
0
0
0
0
0
0
0
1
72
104
104
104
104
104
64
0
1
74
104
104
104
104
94
2
0
0
0
0
6
97
104
105
104
104
40
0
0
0
0
50
104
104
104
104
102
31
0
0
0
43
104
104
104
104
100
7
0
0
0
0
0
0
0
49
104
104
104
104
79
0
0
0
0
0
0
0
0
19
104
104
104
104
105
56
0
36
104
104
104
31
0
8
100
104
104
104
57
3
80
87
86
73
7
0
0
0
0
25
104
104
104
104
100
37
0
1
79
104
104
104
104
77
5
0
0
0
0
0
5
96
104
