103
53
29
35
84
87
87
86
36
26
29
85
102
87
87
78
31
29
74
104
103
104
103
88
34
29
71
87
84
58
42
0
0
11
100
104
103
102
103
25
0
0
0
4
2
2
0
0
0
0
0
0
0
1
0
0
0
0
1
0
0
0
0
0
0
0
0
0
1
0
0
0
0
0
0
0
0
0
6
77
104
103
70
38
43
68
104
104
104
60
5
60
87
86
84
77
31
29
69
58
60
87
85
43
29
39
85
87
86
62
73
29
29
65
104
92
86
86
45
0
27
62
104
104
97
66
12
17
56
87
85
58
71
62
58
58
60
58
68
66
57
54
52
48
86
86
68
58
25
0
0
0
0
0
0
0
12
101
104
103
103
103
97
40
0
31
103
104
103
104
103
22
0
35
103
103
103
103
103
96
13
0
0
0
0
5
95
104
104
104
103
38
0
0
0
0
48
104
104
103
103
103
27
0
0
0
41
104
103
103
103
101
8
0
0
0
0
0
0
0
47
104
103
104
104
88
12
0
0
1
1
0
0
0
18
103
104
104
103
104
55
0
35
103
103
104
34
2
81
104
103
58
24
13
86
86
83
7
0
0
34
104
103
103
103
103
102
19
0
0
0
10
100
104
103
104
103
19
0
1
75
104
103
103
103
69
0
0
