81
87
87
75
2
25
104
104
104
102
33
20
87
87
87
102
60
0
26
86
103
104
104
93
62
0
0
0
0
0
0
0
0
46
58
58
58
48
0
0
0
0
0
5
96
104
104
79
0
49
104
103
104
97
47
23
96
104
96
71
58
50
58
58
41
0
42
82
104
104
103
77
29
39
89
87
100
95
86
24
24
32
64
87
98
104
104
72
29
35
58
86
103
104
103
53
5
0
25
30
59
86
96
71
58
59
45
29
50
60
86
79
58
58
69
38
36
61
58
53
56
86
86
59
31
44
53
76
87
84
47
1
20
71
86
86
68
58
66
60
57
56
45
43
58
58
54
29
29
58
58
58
56
57
7
0
0
0
53
103
104
104
104
96
8
0
31
104
104
104
104
104
48
0
0
0
0
0
1
84
104
104
104
103
54
0
0
0
0
0
0
0
1
1
0
0
0
0
0
0
0
0
0
0
0
0
0
0
0
0
0
0
0
0
0
0
0
0
0
0
0
0
1
0
0
0
0
25
104
104
104
104
103
17
0
0
0
0
0
0
0
0
3
92
104
104
103
56
6
51
104
104
104
89
86
32
0
49
104
104
103
103
96
6
0
0
4
56
58
58
54
1
0
0
0
0
0
40
58
58
57
58
54
10
0
0
49
104
