103
74
1
11
100
103
103
103
103
40
1
76
102
102
103
102
72
1
79
102
102
102
103
53
0
1
72
101
103
103
102
81
1
0
0
0
0
0
0
0
0
0
0
8
98
103
103
69
0
41
102
102
102
63
10
68
100
103
101
58
44
42
76
86
76
29
49
64
86
86
71
23
29
42
81
86
102
97
86
25
26
34
66
86
98
103
102
82
31
37
58
87
103
102
100
58
12
0
27
30
62
86
93
66
58
59
43
29
50
62
79
82
59
55
48
29
37
59
57
57
59
86
86
66
32
39
52
75
86
86
48
0
19
71
86
86
70
57
65
64
54
55
50
43
57
57
48
29
36
57
57
57
57
57
10
0
0
0
52
103
103
102
102
93
3
0
32
102
101
102
102
103
57
1
0
0
0
0
1
84
102
102
102
103
54
0
0
0
0
0
0
0
0
0
0
0
0
0
0
0
0
0
0
0
0
0
0
0
0
0
0
0
0
0
0
0
0
0
0
0
0
0
0
0
0
0
0
0
0
0
0
0
0
0
0
0
0
0
0
0
0
0
0
47
103
101
103
103
102
102
29
2
54
57
60
100
103
102
68
14
0
0
0
0
24
102
102
102
102
102
31
0
1
78
102
102
102
102
74
0
0
0
0
0
0
0
49
102
