57
43
27
25
82
84
84
84
57
24
28
76
102
89
86
86
34
29
85
102
102
102
102
92
29
29
81
103
102
93
86
39
1
0
1
1
1
1
1
1
1
1
1
6
96
103
103
81
1
50
102
102
102
91
59
23
95
103
101
70
57
51
58
57
55
7
42
81
103
102
102
91
4
11
76
86
100
95
85
27
24
32
64
86
97
103
102
98
39
35
58
85
102
103
103
67
24
1
25
30
59
86
95
92
58
59
55
29
48
60
86
87
62
57
72
44
35
62
58
58
59
85
86
66
34
44
57
74
86
86
54
5
16
69
86
84
72
58
64
63
58
59
47
41
58
58
57
31
36
58
58
58
58
54
6
1
1
1
46
103
102
102
102
102
17
1
20
58
58
58
58
42
1
1
1
1
1
2
1
49
58
58
58
46
1
1
1
1
1
1
1
1
1
0
0
0
1
0
0
0
0
0
0
0
0
0
0
0
0
0
0
0
0
0
0
0
0
0
0
0
0
0
0
0
0
0
0
0
0
0
0
0
0
0
0
0
0
0
0
0
0
0
1
45
103
102
103
102
103
99
35
3
29
41
50
44
48
34
23
20
4
92
102
102
102
85
1
1
6
95
103
102
102
103
102
89
5
1
3
89
103
103
102
102
87
6
3
88
