95
78
5
11
97
102
103
103
103
49
1
74
103
103
103
103
91
1
4
91
103
103
103
103
77
1
11
58
58
58
58
31
1
1
1
1
1
1
1
1
1
1
1
9
99
103
103
85
5
42
103
103
103
77
16
57
102
103
94
31
29
61
86
86
70
5
21
71
103
103
103
78
29
48
95
86
101
98
59
21
47
58
66
86
98
103
103
96
58
58
58
88
103
103
103
86
48
17
27
29
34
64
97
88
86
86
46
1
22
34
85
101
88
86
68
28
9
38
102
103
88
86
86
38
1
42
103
103
103
103
103
92
7
30
86
87
102
103
103
77
30
82
86
86
86
86
68
17
1
1
1
48
103
103
103
103
103
68
1
1
1
1
1
1
1
72
103
103
103
103
103
93
9
1
73
103
103
103
103
102
26
1
1
1
1
1
1
1
1
1
1
1
1
1
1
1
1
1
1
1
1
1
1
1
1
1
1
1
1
1
1
1
1
2
1
1
1
1
1
1
1
1
1
1
1
1
1
1
1
1
0
0
1
1
0
0
1
1
0
1
1
1
1
49
103
103
103
103
103
103
38
3
54
58
60
102
103
95
58
20
1
1
0
1
20
58
58
58
58
33
1
1
1
49
58
58
58
52
2
1
1
1
1
1
1
1
33
58
