95
56
55
44
0
23
82
82
82
62
28
38
42
28
28
68
50
55
79
82
82
82
66
54
55
55
88
81
55
55
33
0
0
0
0
0
0
0
0
0
0
0
0
0
26
98
98
98
98
98
73
1
0
0
1
46
55
55
55
58
55
55
86
76
55
30
28
63
82
82
73
43
28
36
73
82
95
87
76
16
23
30
61
82
92
98
98
74
28
33
55
81
98
98
98
49
0
0
24
28
56
82
91
66
55
55
30
28
46
57
68
74
55
55
54
30
33
50
55
51
54
81
76
52
28
28
48
70
82
80
26
0
15
66
82
79
58
55
58
55
42
50
42
40
55
55
37
27
12
0
0
35
82
82
82
82
27
0
0
0
0
0
0
0
0
42
55
55
55
55
24
0
0
0
0
0
0
0
0
0
0
0
0
0
0
0
0
0
0
0
0
0
0
0
0
0
0
0
1
77
98
98
98
98
98
98
98
97
93
98
98
98
98
98
98
98
96
92
98
98
98
98
98
98
98
69
0
0
0
0
0
0
0
0
0
0
0
0
0
0
0
0
0
46
98
98
98
98
98
96
13
2
51
55
57
96
98
94
54
10
0
0
0
0
0
0
0
0
0
0
0
0
0
0
0
0
0
0
0
0
0
0
0
0
0
0
0
0
