93
34
28
29
79
82
82
82
28
25
28
44
94
82
82
82
51
28
28
82
98
98
98
98
87
28
28
28
12
0
0
0
0
0
0
0
0
0
0
0
0
0
0
0
24
98
98
98
98
98
60
0
0
0
1
46
55
55
55
57
55
55
78
87
55
55
72
67
55
55
42
0
0
10
86
98
98
96
82
43
23
30
83
98
98
98
98
94
29
44
82
95
98
87
76
43
28
28
41
28
53
55
58
28
27
33
54
55
59
57
70
47
28
44
70
55
60
67
28
15
26
58
82
75
55
33
28
43
70
82
48
28
39
39
55
55
57
55
50
55
46
50
41
39
55
55
39
28
6
0
0
26
55
55
54
55
10
0
0
0
0
0
0
0
0
0
0
0
0
0
0
0
0
0
0
0
0
0
0
0
0
0
0
0
0
0
0
0
0
0
0
0
0
0
0
0
0
0
0
0
0
0
0
0
0
0
0
0
0
0
0
0
0
0
0
0
0
0
0
0
0
0
0
0
0
0
0
0
0
0
0
0
0
0
0
0
0
0
0
0
0
0
0
0
0
0
0
3
84
98
98
78
4
12
96
98
98
66
0
0
3
87
98
98
98
68
0
0
0
0
0
0
0
0
0
0
0
0
0
0
0
0
0
0
0
0
0
0
