11
11
9
9
11
13
16
14
14
11
10
11
13
16
15
17
16
13
13
17
17
14
18
12
16
16
15
15
5
5
5
2
2
3
2
4
1
2
1
1
1
1
1
1
1
1
1
2
1
1
1
1
1
2
1
1
1
1
2
1
2
1
1
1
1
1
1
1
1
1
3
1
1
1
1
1
1
1
1
1
2
2
1
1
1
1
1
1
1
1
2
2
1
1
1
1
1
1
1
1
4
1
1
1
1
1
1
1
1
1
1
2
1
2
2
2
2
2
2
2
2
2
3
2
2
2
2
2
2
2
2
2
2
3
2
2
3
9
2
2
1
2
2
1
1
2
1
1
2
2
2
2
2
1
1
3
1
1
1
7
1
1
1
1
2
2
1
1
1
1
1
1
1
1
1
1
3
1
1
1
1
1
1
1
1
1
1
2
1
1
1
1
1
1
1
1
1
1
3
1
1
1
1
1
1
1
1
11
6
7
4
6
4
11
6
7
11
7
14
10
12
17
9
11
21
14
13
14
15
21
10
13
13
14
18
17
16
22
10
12
12
16
13
11
11
12
15
13
15
17
20
17
15
24
26
20
16
10
11
10
13
15
10
14
10
14
17
14
14
16
10
12
11
13
12
15
19
23
18
14
15
15
13
18
15
13
14
18
