1
1
1
1
1
1
1
1
1
1
1
1
1
1
1
1
1
1
1
1
1
1
1
1
1
1
1
1
1
1
1
1
1
1
0
1
0
1
0
1
0
1
0
1
0
1
1
1
0
1
0
1
0
1
1
1
0
1
1
1
0
1
0
1
0
1
0
1
0
1
1
1
0
1
0
1
0
1
0
1
0
1
1
1
0
1
0
1
0
1
1
1
0
1
1
1
0
1
0
1
0
1
0
1
0
1
0
1
0
1
0
1
0
1
0
1
0
1
1
1
0
1
0
1
0
1
1
1
0
1
1
1
0
1
0
1
0
1
0
1
0
1
0
1
0
1
0
1
1
1
0
1
0
1
1
1
0
1
0
1
0
1
1
1
0
1
1
1
0
1
0
1
0
1
0
1
0
1
0
1
0
1
0
1
0
1
0
1
0
1
1
1
0
1
1
1
0
1
1
1
0
1
1
1
0
1
0
1
0
1
1
1
1
1
1
1
0
1
0
1
0
1
0
1
0
1
1
1
0
1
0
1
0
1
1
1
0
1
1
1
0
1
0
1
2
3
2
16
1
18
2
4
14
1
0
1
0
1
1
18
3
15
1
1
18
2
17
18
1
18
2
1
1
1
1
2
1
1
1
1
1
1
1
1
1
1
1
1
