5
4
5
6
5
5
4
5
9
7
25
11
6
3
7
2
3
8
8
2
2
8
3
8
13
2
5
3
2
2
2
3
3
3
3
3
3
3
3
3
3
2
2
2
2
2
2
2
2
2
2
2
2
2
2
2
2
1
1
1
1
1
1
1
1
1
1
1
1
1
1
1
1
1
1
1
1
1
1
1
2
2
2
2
2
2
2
2
2
2
5
2
2
2
2
2
2
2
2
2
2
2
2
2
2
4
2
2
2
2
2
2
3
2
2
1
1
2
1
1
1
1
1
1
1
1
5
1
1
1
1
1
1
1
1
1
1
1
1
1
1
1
2
2
2
2
2
2
2
2
2
2
2
2
2
2
2
2
2
2
2
2
2
2
2
2
2
2
2
2
2
2
2
2
2
2
2
2
2
2
2
2
2
2
2
2
5
1
2
2
2
1
2
2
2
4
2
2
2
2
2
2
2
2
2
4
10
4
11
21
10
10
14
7
3
6
6
2
9
11
7
13
3
9
13
8
6
2
8
16
10
6
7
11
8
16
18
8
2
7
20
7
24
14
14
2
2
2
2
2
2
2
2
3
24
18
17
20
13
7
9
13
9
18
9
9
15
22
12
24
20
22
11
23
5
14
13
3
2
9
6
8
13
9
30
25
14
21
