7
7
7
6
6
6
8
52
29
29
7
7
6
6
8
8
7
6
6
6
6
6
6
6
6
6
6
6
6
6
6
6
6
6
6
6
6
6
6
6
6
6
6
6
6
6
6
6
6
6
6
6
6
6
6
6
6
6
6
7
6
6
6
7
6
7
7
7
6
7
6
6
6
6
7
6
6
6
7
7
6
6
7
6
6
6
6
6
6
6
6
6
6
6
6
6
6
7
6
6
6
7
6
6
6
6
6
6
6
6
6
6
6
6
6
7
6
6
6
6
7
6
6
6
6
7
7
7
6
6
6
6
6
6
7
6
7
6
6
7
6
6
6
6
7
6
6
6
6
6
6
6
6
6
6
6
6
6
6
6
6
6
6
6
6
6
6
6
6
6
7
21
8
7
6
10
6
6
6
6
6
6
6
6
6
6
6
6
6
6
6
6
6
6
6
6
6
6
6
6
6
6
6
6
6
6
6
6
6
6
6
6
6
6
6
6
6
6
6
6
6
6
6
6
6
6
6
6
6
6
6
6
6
6
6
6
6
6
6
6
6
7
8
7
6
6
6
6
6
6
6
6
6
6
6
6
6
6
7
6
6
6
6
7
6
6
6
6
6
6
6
6
6
7
7
7
8
10
9
7
7
7
7
8
7
7
7
7
