5
0
1
0
0
0
1
1
0
1
0
0
0
0
0
0
0
0
0
0
1
3
0
0
2
2
1
2
2
2
2
2
3
3
2
0
0
0
1
2
0
0
0
49
55
7
1
2
3
1
0
0
0
0
0
1
0
0
1
2
0
0
0
0
0
0
0
0
1
0
2
0
0
0
0
0
0
0
0
2
0
2
0
0
0
0
0
1
0
0
0
0
0
0
1
0
0
0
0
0
2
1
3
0
0
0
0
0
0
0
0
1
1
1
0
0
1
0
0
0
0
0
0
0
0
0
0
0
0
0
0
0
0
0
0
0
0
0
0
0
0
0
0
2
1
0
0
0
0
0
0
0
0
0
0
0
0
0
0
0
0
0
0
0
1
0
0
0
0
0
0
0
0
0
0
0
0
0
0
0
2
0
0
0
0
0
0
1
0
0
0
0
2
0
1
0
0
1
0
0
0
0
1
0
0
2
0
0
2
2
3
2
2
1
1
1
0
0
1
2
29
0
11
95
95
95
38
0
0
0
1
1
1
1
1
2
2
3
1
0
2
1
0
0
0
3
5
1
4
22
0
20
1
0
1
6
21
1
1
0
1
1
2
1
16
5
0
4
0
0
4
4
9
0
2
5
1
1
0
5
0
0
2
1
0
1
1
0
