7
9
5
6
5
5
5
5
5
6
5
5
5
5
5
5
5
5
5
5
5
5
6
5
5
5
5
5
5
5
5
5
5
5
5
5
5
5
5
5
5
5
6
5
5
5
5
6
5
5
5
5
5
5
5
5
6
5
5
5
4
5
5
5
5
7
5
5
5
6
4
5
5
6
5
6
6
14
10
5
4
6
5
5
5
5
5
5
5
4
6
5
5
4
6
4
6
5
5
5
5
6
6
5
5
5
5
5
5
5
5
5
6
40
36
39
36
34
38
6
5
5
6
5
5
5
5
5
5
5
6
5
5
5
5
5
5
5
5
5
5
5
5
5
5
5
5
5
5
6
4
6
5
5
5
5
5
5
5
5
5
5
5
5
6
4
6
9
10
6
5
4
4
4
4
4
4
4
5
6
4
5
5
5
6
11
12
9
5
6
5
5
5
5
5
5
5
5
5
5
5
5
5
5
5
5
5
5
5
6
5
5
5
5
5
5
5
5
5
5
11
6
6
5
5
6
5
6
6
5
5
6
6
6
5
5
5
5
5
5
6
5
5
5
5
6
5
5
5
5
5
5
5
11
5
5
6
6
5
7
5
5
5
5
5
5
5
5
5
5
5
5
5
5
5
5
5
5
5
6
5
5
5
5
5
5
5
6
