2
1
1
1
1
1
1
1
2
2
1
1
1
1
2
1
1
1
1
2
1
1
1
1
1
1
1
2
3
8
2
1
1
1
1
1
1
1
1
1
1
1
1
2
1
1
1
1
1
1
1
1
1
1
1
1
1
1
1
1
1
1
1
1
1
2
1
1
1
1
2
1
1
1
1
1
1
4
1
1
1
1
1
1
1
2
1
1
2
1
1
1
1
1
1
1
1
1
1
1
2
1
1
1
1
1
1
1
1
1
1
1
3
26
33
34
34
37
35
38
41
34
38
39
37
35
38
35
34
37
31
23
33
33
31
25
30
18
12
13
21
23
16
2
2
2
2
2
2
3
1
1
1
1
1
1
1
1
1
1
1
1
1
1
1
1
1
1
1
1
1
1
1
1
1
1
1
1
1
1
1
1
1
1
1
1
1
1
1
1
1
1
1
1
1
1
1
1
1
1
1
1
1
1
1
1
11
4
3
1
1
1
1
1
1
1
1
1
1
1
2
2
1
1
1
1
1
4
1
1
3
1
1
1
1
1
1
1
1
1
1
1
1
1
1
1
1
1
1
1
2
1
1
1
1
1
1
1
1
1
1
1
1
1
2
2
2
1
1
1
1
1
1
1
1
1
1
1
2
1
2
1
1
2
1
1
2
2
