4
5
6
6
6
7
9
5
4
4
3
3
4
5
4
4
3
4
3
3
5
4
3
3
3
4
5
3
3
3
5
5
3
3
3
3
3
4
4
3
3
3
3
3
3
3
3
3
3
4
3
3
3
3
4
3
4
4
4
3
4
4
4
3
4
4
4
3
4
4
3
4
4
4
4
4
8
14
5
4
4
4
4
3
4
4
4
3
4
4
3
3
4
4
3
4
5
5
4
4
3
3
3
3
3
3
3
3
3
4
4
3
3
3
3
3
3
4
3
3
3
6
4
3
5
4
6
5
4
4
3
3
3
4
3
3
3
12
3
3
3
3
3
3
3
4
4
4
5
11
3
3
4
3
3
3
3
4
4
3
4
4
3
3
4
3
3
3
3
4
4
3
3
3
3
3
4
3
3
3
3
4
3
3
3
3
3
3
3
3
3
3
3
4
4
4
3
4
6
3
4
4
4
3
3
4
4
4
3
4
3
4
5
4
4
4
7
5
4
5
4
4
3
4
5
7
3
4
5
4
4
4
4
4
3
4
4
6
5
7
9
10
12
5
4
4
7
6
4
4
3
3
4
4
4
3
4
3
4
3
4
4
3
3
3
4
4
3
3
3
6
4
4
4
3
3
3
4
4
3
4
3
3
3
4
4
3
3
