2
2
1
1
1
2
2
2
2
1
1
1
1
2
1
2
2
2
1
1
2
1
2
2
1
1
2
1
2
2
2
1
2
2
1
2
2
1
1
1
1
2
1
2
1
2
1
2
2
2
2
2
1
2
1
2
2
2
1
1
2
2
1
1
1
2
1
1
1
2
2
1
2
1
1
1
1
2
2
2
2
1
2
1
2
2
2
2
2
2
2
1
1
1
1
1
1
1
2
1
2
2
2
1
2
1
2
1
2
2
1
1
1
2
3
2
1
3
2
2
4
2
1
3
2
1
4
26
26
26
24
30
27
27
26
20
14
17
14
15
21
18
21
26
21
17
25
29
21
30
26
27
17
2
2
6
3
2
6
6
2
6
6
2
5
5
2
2
2
1
1
2
2
2
2
2
2
2
1
1
1
1
1
1
1
1
2
1
1
1
1
2
1
1
1
1
1
1
1
1
1
1
2
2
2
1
1
1
1
1
2
1
1
1
1
1
1
1
2
1
1
1
2
2
1
2
2
2
2
1
1
1
1
1
1
1
1
1
1
1
1
2
1
2
1
2
1
3
1
1
1
1
1
1
1
1
1
1
1
1
1
1
2
1
2
1
1
2
2
1
1
1
1
1
1
1
1
1
1
2
2
2
1
2
2
1
1
1
