3
4
10
15
5
4
3
4
10
15
4
8
4
7
11
15
5
4
3
4
10
15
5
5
3
4
10
15
4
4
3
3
11
14
5
5
3
3
11
15
4
4
3
3
11
15
5
5
3
3
11
14
4
5
3
3
11
15
5
5
3
3
10
15
5
5
3
3
11
16
4
5
3
3
10
15
4
4
3
3
10
15
5
4
3
3
10
15
5
8
7
10
15
21
9
9
8
8
14
18
4
5
3
3
10
15
4
3
3
3
10
15
7
9
4
5
24
5
7
9
10
8
17
12
6
10
8
4
16
12
5
8
6
4
15
11
4
5
4
3
16
12
4
5
4
3
15
11
5
4
3
3
15
11
4
4
3
4
15
11
4
4
3
3
16
12
4
4
3
3
15
11
5
4
3
4
15
11
4
4
3
4
15
11
4
4
3
4
16
12
5
5
4
4
15
11
4
4
3
4
15
12
4
4
3
4
15
11
5
4
3
3
16
12
4
4
3
3
16
11
4
4
3
3
16
12
4
4
3
3
16
11
4
4
3
3
17
10
5
4
3
3
16
10
4
4
4
3
16
11
7
3
3
3
16
10
4
3
3
3
18
10
5
4
3
4
17
10
6
9
3
3
17
10
5
3
3
4
17
11
5
3
3
3
17
10
5
4
