18
23
17
22
18
23
18
24
21
22
17
29
22
30
22
26
19
26
22
27
20
26
21
27
20
26
22
26
21
26
20
26
23
27
22
27
21
25
23
26
22
26
21
25
23
26
21
27
21
26
26
27
22
27
21
26
25
25
21
26
21
26
24
27
22
32
26
25
16
25
16
20
15
20
15
25
16
21
16
22
39
47
39
45
39
46
40
44
35
34
25
31
23
34
35
36
26
21
18
22
19
22
17
22
16
22
19
23
18
22
18
23
19
23
18
22
17
22
19
22
17
22
16
21
20
56
58
71
64
70
67
70
65
69
67
69
64
71
61
23
21
27
20
26
21
22
20
25
21
28
27
29
23
30
26
30
22
23
20
26
22
25
22
25
19
25
21
25
20
23
22
25
20
25
19
24
20
28
23
28
24
30
23
28
23
28
24
30
19
22
18
23
20
29
23
28
24
28
23
29
20
23
20
25
22
29
23
27
22
28
23
28
21
22
19
22
17
22
18
22
17
23
23
27
22
28
22
27
23
27
25
28
25
28
23
28
25
28
24
28
23
28
26
28
24
28
24
29
25
28
24
32
24
27
19
22
18
23
18
22
18
22
18
25
24
28
23
30
24
22
17
22
18
23
17
24
18
25
18
23
20
24
18
23
18
23
16
22
