2
2
2
2
2
2
2
2
2
2
2
2
2
2
2
8
3
4
2
2
2
2
2
2
2
2
2
2
2
2
2
2
2
2
2
19
2
2
2
2
2
35
5
2
2
2
2
67
12
2
2
2
2
59
20
2
2
2
2
31
31
36
17
2
2
2
2
2
2
2
2
2
2
2
2
2
2
63
63
23
2
2
2
24
14
2
2
2
2
47
44
2
3
2
2
60
14
2
2
2
2
2
2
2
2
2
2
52
3
2
2
2
2
28
35
2
2
2
2
2
2
2
2
2
2
58
71
27
19
29
2
2
2
2
2
2
2
2
2
2
2
2
2
2
2
2
2
2
2
2
2
2
2
2
2
2
2
2
2
2
2
2
2
2
2
2
2
2
2
2
2
2
2
19
29
31
25
35
4
2
2
2
2
2
2
2
2
2
2
2
2
2
2
2
2
2
2
2
2
2
2
2
2
2
2
2
2
2
2
2
2
2
2
2
2
2
2
2
2
2
2
2
2
2
2
2
2
2
9
2
2
2
2
2
2
2
2
2
2
2
2
2
2
2
2
2
2
2
2
2
2
2
2
2
2
2
2
2
2
2
2
2
2
2
2
2
2
2
2
2
2
2
2
2
2
2
2
2
2
2
2
2
2
2
2
2
2
2
