11
8
6
6
19
31
85
10
7
4
4
5
4
6
5
4
3
3
3
3
3
3
4
4
3
3
4
4
4
4
3
3
3
3
3
3
4
3
3
3
3
3
3
3
3
3
3
3
3
3
3
3
3
3
3
3
3
3
3
3
3
3
3
3
3
3
3
3
3
3
3
3
3
3
3
3
3
3
3
3
3
3
3
3
3
3
3
4
3
3
3
3
3
3
3
3
3
3
3
3
3
3
3
3
3
3
3
3
3
3
3
3
3
3
3
3
3
3
3
3
3
3
3
8
4
3
3
3
3
4
3
4
4
4
4
4
4
3
3
4
4
4
4
3
4
4
4
3
4
4
4
4
3
4
4
4
4
3
3
3
3
3
3
3
3
4
4
3
3
3
3
3
3
33
45
16
3
3
3
3
3
3
3
3
3
3
3
3
3
3
4
3
3
3
4
3
3
3
3
3
3
3
3
3
3
3
3
3
3
3
3
3
3
3
3
3
4
4
4
3
3
3
3
3
3
3
3
3
3
3
3
3
3
4
3
3
3
3
3
4
3
3
3
3
3
9
3
3
3
3
3
4
3
3
4
3
3
73
104
104
62
12
6
4
4
73
102
104
104
98
30
21
12
11
9
10
9
8
9
9
9
5
5
4
4
4
4
4
