8
8
8
7
5
7
5
6
6
6
7
6
6
6
6
5
6
7
7
7
7
6
6
6
6
5
6
5
5
6
5
5
5
5
5
8
10
7
5
5
5
6
5
5
4
5
5
5
5
5
5
5
5
6
5
4
5
4
5
5
5
5
5
5
5
6
5
5
5
4
4
5
5
5
5
5
5
6
4
5
5
5
5
6
6
5
5
5
5
6
5
5
5
6
6
5
5
5
5
5
6
7
6
7
6
5
6
7
6
6
6
7
6
7
6
7
6
6
7
7
7
7
7
6
6
7
7
7
6
6
6
6
6
6
6
6
6
7
6
7
6
6
6
7
7
6
6
6
7
20
24
16
10
6
6
12
13
12
12
13
14
13
11
11
11
12
13
12
13
13
13
12
12
14
13
13
14
13
14
13
14
14
14
14
15
15
14
14
13
13
15
15
13
12
12
12
13
13
12
13
13
12
13
13
13
13
12
17
18
15
13
13
13
12
12
13
7
5
5
5
5
6
5
5
6
5
5
6
8
6
6
6
5
7
4
5
5
6
6
6
6
6
7
6
7
7
5
7
5
6
7
7
6
5
5
5
5
8
6
5
6
5
6
6
7
7
9
6
5
5
6
5
4
5
5
5
5
5
6
6
5
6
5
5
8
7
8
7
