98
99
99
98
94
94
94
95
95
95
95
95
37
23
25
23
26
30
33
30
34
23
24
22
21
19
20
19
19
20
17
20
21
20
19
44
64
42
20
19
19
21
17
19
18
17
17
19
17
18
17
17
17
23
17
20
21
16
17
19
19
17
23
20
17
22
18
19
18
16
19
19
19
19
20
20
19
21
16
18
20
21
18
21
22
22
21
19
19
21
19
20
21
20
19
20
19
18
19
19
20
26
27
31
24
23
25
26
24
24
25
28
25
28
23
26
26
25
26
25
24
26
25
22
25
22
23
23
24
23
23
21
23
22
23
22
23
27
22
21
21
20
22
25
22
22
23
23
24
60
27
25
29
24
22
25
24
25
25
21
23
23
22
22
25
25
26
25
25
24
23
23
27
27
29
26
24
23
24
26
25
25
23
23
23
25
22
19
18
21
23
24
18
18
17
17
18
20
16
18
19
18
18
19
19
18
19
52
64
30
17
19
18
18
19
19
19
20
20
20
21
22
17
19
20
19
19
20
48
27
25
22
20
22
17
21
20
21
22
24
19
21
23
21
21
23
18
21
21
21
30
28
21
20
21
20
18
50
23
24
24
20
23
22
23
35
40
24
20
23
26
17
16
18
5
5
9
31
31
31
31
30
25
31
37
33
35
31
