5
5
5
5
5
44
106
105
114
9
3
4
3
4
3
3
6
5
5
5
5
4
3
3
3
3
3
3
3
4
3
3
3
3
3
3
3
4
3
3
3
4
3
4
3
3
3
3
3
4
3
3
3
4
3
3
3
3
3
4
3
4
3
3
3
4
3
3
3
3
3
3
3
4
3
3
3
4
3
4
3
3
3
3
3
4
3
3
3
4
3
3
3
3
3
3
3
3
3
3
3
4
3
3
3
3
3
4
3
3
3
3
3
4
3
3
3
3
3
3
3
3
3
3
3
4
3
3
3
3
3
3
3
3
3
3
3
4
3
4
3
3
3
3
3
3
3
3
3
7
3
3
3
3
3
4
3
3
3
3
3
4
3
4
3
3
3
3
3
4
3
3
3
4
3
4
3
3
3
3
3
4
3
3
3
4
3
4
3
3
3
3
3
4
3
3
3
4
3
4
3
3
3
4
3
3
3
4
4
4
3
3
3
3
3
3
3
4
3
3
3
4
3
4
3
3
3
3
3
3
3
3
3
4
3
4
3
3
3
3
3
3
3
3
3
4
3
4
3
3
3
4
3
3
3
3
3
42
60
112
111
74
3
3
3
4
3
3
3
4
3
3
3
3
3
3
3
3
3
3
3
4
3
3
3
3
3
3
