30
19
15
17
16
21
19
21
21
20
20
19
20
18
19
18
25
26
28
25
33
23
22
22
19
19
17
15
17
19
18
17
18
19
17
46
57
40
23
22
19
22
19
21
18
16
17
16
17
20
19
19
18
21
19
18
19
17
18
16
18
18
24
19
17
21
20
21
18
17
20
16
19
18
19
17
18
20
18
20
19
19
20
19
21
24
22
20
19
23
20
22
19
16
18
16
19
19
22
18
17
26
32
36
24
25
26
20
26
26
27
26
22
35
52
104
106
107
99
109
110
109
109
109
102
102
103
108
107
106
100
19
15
16
16
14
16
18
15
14
15
16
15
17
17
17
17
15
17
26
23
26
26
25
24
21
25
24
25
26
21
23
23
26
26
24
22
18
18
18
18
17
20
22
25
20
20
24
29
25
24
25
28
27
25
28
26
23
20
21
29
20
15
14
14
14
15
19
18
22
19
18
19
18
16
19
18
50
58
27
17
16
17
17
18
16
15
16
17
16
20
20
15
16
21
16
16
16
39
26
25
21
20
22
17
18
18
17
21
21
16
17
22
19
20
20
18
19
21
21
28
24
18
17
20
18
19
41
21
21
21
36
21
20
22
25
21
17
17
20
17
16
16
15
16
16
16
15
16
16
17
19
16
16
34
26
29
25
