35
33
32
27
34
40
38
31
37
29
30
40
35
36
34
32
38
47
48
50
49
54
52
50
52
57
57
57
56
67
67
66
62
57
63
64
61
62
61
63
59
64
68
59
61
59
61
62
60
61
62
66
67
71
65
64
70
75
74
72
68
75
73
74
73
74
65
56
54
51
48
57
57
57
42
42
42
44
44
44
45
45
44
41
43
45
45
47
44
45
46
45
44
46
45
44
45
26
26
25
25
26
20
20
24
24
25
27
25
26
25
27
26
30
30
31
24
30
30
29
36
29
26
28
26
28
24
31
29
33
26
30
32
32
30
33
30
28
27
31
32
29
28
25
28
26
27
27
30
30
32
30
28
26
30
28
26
27
24
29
23
23
30
26
24
25
27
24
25
23
27
24
26
28
33
35
30
23
27
26
29
26
23
22
26
24
22
27
23
22
25
25
23
26
23
24
23
24
19
27
25
24
22
24
25
29
23
23
27
25
23
26
26
23
26
28
32
24
24
24
24
25
22
26
30
24
23
30
25
26
24
27
29
24
24
24
22
27
25
30
30
26
23
26
29
22
22
30
28
24
28
29
27
26
27
25
26
23
27
27
40
28
28
25
32
25
24
21
25
22
39
34
33
33
32
31
30
34
30
31
41
30
34
26
38
32
32
32
