8
6
7
6
6
22
27
10
11
10
8
7
8
7
11
8
8
8
10
10
9
8
12
12
12
13
13
12
13
12
13
12
12
11
12
14
17
14
12
12
13
9
8
9
9
8
8
7
6
6
6
6
7
7
7
6
7
6
6
6
6
7
7
6
6
7
6
6
6
6
6
6
6
6
6
6
6
6
7
6
7
6
6
7
7
6
6
6
6
6
7
6
7
6
6
7
7
6
7
7
7
5
7
7
7
7
6
7
7
6
6
6
6
7
7
7
7
6
6
6
6
7
7
6
5
4
4
6
6
6
6
6
6
6
6
6
6
6
7
6
7
6
6
7
6
6
6
7
7
7
6
6
7
6
6
7
7
6
6
6
6
6
7
7
7
6
7
7
4
5
4
4
6
8
25
24
28
28
15
6
6
6
6
6
6
6
6
6
6
6
6
7
7
6
6
6
6
6
6
6
7
6
6
7
6
6
6
10
13
10
8
7
6
6
6
7
6
6
6
6
6
6
6
6
6
6
6
7
7
6
7
7
6
7
8
7
6
6
6
6
5
6
6
6
6
6
7
6
6
6
7
6
6
6
6
6
6
24
9
11
11
12
8
10
7
7
7
7
7
6
7
7
6
7
7
7
7
6
7
6
7
6
7
6
8
7
7
7
