1
1
1
1
1
1
1
1
1
1
1
1
1
1
1
1
1
1
1
1
1
1
1
1
1
1
1
1
1
1
1
1
1
1
1
1
1
1
1
1
1
1
1
1
1
1
1
1
1
1
1
1
1
1
1
1
1
1
1
1
1
1
1
1
1
1
1
1
1
1
1
1
1
1
1
1
1
1
1
1
1
1
1
1
1
1
1
1
1
1
1
1
1
1
1
1
1
1
1
1
2
14
15
17
19
18
18
18
17
17
17
17
18
14
15
15
15
17
16
14
15
15
14
15
14
11
12
11
12
14
14
12
12
13
13
13
14
11
12
12
14
12
12
11
14
13
15
16
16
15
16
16
17
17
16
15
13
13
13
14
13
12
12
13
14
15
15
15
15
18
18
19
16
16
16
15
14
15
14
15
15
15
15
16
14
16
15
15
17
18
17
15
15
15
15
16
15
15
15
14
14
14
15
14
15
15
15
12
11
13
14
14
16
15
15
14
16
15
15
15
14
15
16
15
15
15
14
15
15
15
15
14
15
15
14
15
15
14
14
16
15
16
16
15
15
14
15
15
16
17
16
15
16
17
16
18
17
17
18
17
17
17
18
17
17
17
17
18
18
16
17
17
19
20
19
19
19
18
17
18
18
19
17
19
17
17
18
17
