13
13
13
13
12
12
12
12
13
14
13
13
7
6
8
12
12
12
12
12
12
12
12
12
12
12
12
12
12
12
12
12
12
12
12
12
14
13
13
13
12
12
12
11
11
9
7
7
7
9
10
7
7
7
7
6
7
7
6
11
11
7
7
6
6
6
6
6
6
6
6
6
7
6
6
6
6
6
7
6
6
6
6
6
7
6
6
6
6
6
7
6
6
6
6
6
7
6
6
6
6
7
7
7
7
7
7
7
7
7
7
7
7
7
7
6
7
7
6
7
7
7
7
7
6
7
7
6
6
7
6
6
7
7
7
7
7
6
7
7
7
7
6
7
6
6
7
7
7
6
7
6
7
8
7
7
7
6
7
7
6
6
6
6
6
7
7
7
7
7
7
7
7
7
7
7
7
7
7
7
7
7
7
7
7
7
7
7
7
7
7
7
7
7
7
7
7
7
7
7
7
7
7
9
10
9
7
7
6
7
7
7
7
7
6
7
6
6
7
7
7
6
7
7
6
6
6
6
6
6
6
6
6
6
6
6
6
6
6
6
6
6
6
6
6
6
6
6
6
6
6
6
6
6
6
6
6
6
6
6
6
6
6
6
6
6
6
6
6
6
6
6
6
6
6
6
6
6
6
6
7
10
10
12
12
12
12
12
