8
9
8
9
8
10
10
12
9
9
8
10
8
9
8
9
9
10
10
11
10
8
9
8
9
8
10
8
10
9
11
10
9
8
9
8
9
8
9
8
9
9
11
10
9
8
8
9
8
10
8
9
8
11
9
13
8
9
8
9
8
9
8
9
8
12
11
14
8
9
8
9
8
9
9
8
9
11
12
14
10
8
10
8
10
8
9
8
9
8
9
8
9
8
9
8
10
8
9
8
9
8
9
9
8
9
8
9
8
9
8
9
8
9
8
10
8
9
8
10
8
10
8
10
8
9
8
10
8
9
8
9
9
9
9
8
10
8
10
8
10
8
10
9
10
9
10
8
9
8
10
9
10
8
10
9
9
8
10
9
10
9
9
9
8
10
8
10
8
9
8
10
8
9
8
10
9
9
8
10
8
9
8
9
8
9
8
9
8
9
9
9
9
8
9
8
10
8
10
9
10
8
10
8
9
8
9
8
10
8
10
9
9
9
9
9
9
9
9
9
9
10
10
12
9
9
8
10
8
8
8
10
8
12
10
15
9
10
8
10
8
10
8
10
8
11
10
12
10
9
10
8
10
9
10
9
10
11
12
14
10
8
9
8
10
8
9
9
10
10
10
11
10
8
10
8
9
8
8
9
8
12
11
14
8
10
8
10
