101
101
103
104
104
101
101
101
101
101
101
101
102
104
104
102
101
101
101
101
101
101
101
104
104
103
101
101
101
101
101
101
101
103
104
104
101
101
101
101
101
101
101
101
103
104
102
101
101
101
101
101
101
101
104
104
103
101
101
101
101
101
101
101
104
104
104
101
101
101
101
101
101
101
101
104
104
102
101
101
101
101
101
101
101
104
104
103
101
101
101
101
101
101
101
104
104
104
101
101
101
101
101
101
101
101
104
104
104
101
101
101
101
101
101
101
101
102
104
104
102
101
101
101
101
101
101
101
103
104
104
102
101
101
101
101
101
101
101
102
104
104
103
101
101
101
101
101
101
101
102
104
104
103
101
101
101
101
101
101
101
102
104
104
103
101
101
101
101
101
101
101
101
103
104
104
101
101
101
101
101
101
101
101
103
104
104
103
101
101
101
101
101
101
101
101
102
104
104
102
101
101
101
101
101
101
101
102
104
104
104
101
101
101
101
101
101
101
101
102
104
104
102
101
101
101
101
101
101
101
102
104
104
104
101
101
101
101
101
101
101
101
103
104
104
102
101
101
101
101
101
101
101
102
104
104
103
100
101
101
101
101
101
101
101
104
104
103
101
101
101
101
101
101
101
101
104
104
103
101
101
101
101
101
101
101
101
104
