88
101
104
100
84
84
84
84
84
84
84
100
104
104
90
84
84
85
84
84
84
90
104
104
100
84
84
84
84
84
84
86
102
104
104
85
84
84
84
84
84
85
100
104
104
93
84
84
84
84
84
84
90
104
104
98
84
84
84
84
84
84
88
103
104
104
85
84
84
84
84
84
84
100
104
104
93
84
84
84
84
84
84
91
102
104
96
84
84
84
84
84
84
87
102
104
103
84
84
84
84
84
84
84
88
104
104
104
88
84
84
84
84
84
84
85
100
104
104
93
84
84
84
84
84
84
84
90
103
104
95
85
84
84
84
85
85
86
100
103
103
95
86
86
86
86
85
85
86
97
103
103
97
86
85
86
85
85
86
86
96
103
103
98
86
86
86
87
86
85
87
92
102
103
102
87
85
86
86
86
86
85
87
99
102
103
96
86
87
88
88
87
88
87
88
101
102
102
92
87
89
90
89
90
90
92
97
100
100
98
88
91
92
92
98
100
100
100
100
100
100
100
101
101
101
101
101
101
101
101
101
102
102
101
102
101
102
102
102
101
101
101
102
102
102
102
102
102
102
102
102
103
102
103
102
102
102
103
102
102
102
103
102
103
102
103
103
103
103
102
103
103
103
103
103
103
103
104
104
104
104
104
104
103
104
103
104
104
