85
85
101
105
104
86
85
84
84
84
85
85
101
105
104
95
84
84
84
84
85
83
91
104
105
104
84
85
84
87
84
84
83
95
105
104
89
85
84
84
84
85
85
95
104
105
98
83
84
86
87
84
83
88
103
104
102
84
83
85
85
85
85
86
99
103
104
89
85
84
84
83
84
84
101
104
104
97
84
85
85
83
85
84
85
103
104
101
86
84
85
85
86
84
84
101
105
105
87
84
83
83
85
85
84
88
104
105
104
92
83
85
85
87
84
86
83
93
104
105
97
85
85
83
85
85
84
84
101
104
105
99
85
85
83
85
84
84
85
100
104
105
98
84
85
84
85
85
85
83
96
105
105
102
85
86
86
86
84
84
83
93
104
105
103
85
85
85
84
83
83
83
89
105
105
104
90
86
84
86
85
83
84
83
88
105
104
103
85
84
84
84
84
85
84
85
99
105
104
96
85
85
84
84
86
84
85
91
103
105
105
87
83
83
84
83
84
84
83
97
104
104
97
84
84
85
85
85
84
84
87
104
104
105
89
85
85
85
86
85
84
84
95
104
105
97
86
86
84
84
84
85
83
93
103
104
100
84
84
84
84
83
84
85
86
103
105
99
84
85
85
84
83
87
85
86
104
105
102
84
84
83
85
85
103
105
105
105
