104
104
104
104
103
103
104
103
104
103
104
104
103
104
104
103
104
104
103
104
102
104
102
103
103
101
103
101
103
102
102
103
101
103
102
102
103
101
103
101
103
102
102
103
101
103
102
102
103
101
103
102
103
103
102
103
101
103
102
102
103
101
103
102
103
103
101
103
102
103
102
102
103
101
103
102
102
103
101
103
102
102
102
101
103
101
103
102
101
103
100
103
102
101
103
101
103
102
102
103
101
103
101
102
102
101
103
101
103
103
101
103
101
103
102
102
103
101
103
101
103
102
101
103
101
103
102
102
103
101
103
101
103
102
102
103
100
103
102
102
103
100
103
101
102
102
101
103
101
103
102
101
102
101
102
102
101
103
101
103
102
102
102
101
103
101
103
102
101
103
101
103
102
102
103
101
103
102
102
103
101
103
102
102
103
101
103
101
103
103
101
103
101
103
102
102
103
101
103
101
102
103
101
103
101
103
102
102
103
101
103
101
103
102
102
103
100
103
102
102
102
101
104
101
103
102
102
103
100
103
102
102
103
101
103
101
103
102
101
103
101
103
102
102
102
101
103
101
102
102
101
103
101
102
103
101
103
101
103
103
101
103
101
103
102
102
103
102
103
102
102
103
102
104
101
103
102
102
103
101
103
100
97
97
97
88
85
76
