0
0
0
0
0
0
0
0
0
0
0
0
0
0
0
0
0
0
0
0
0
0
0
0
0
0
0
0
0
0
0
0
0
0
0
0
0
0
0
0
16
91
18
0
0
0
0
0
0
0
0
0
0
0
0
0
0
0
0
0
29
94
94
95
94
93
94
94
94
94
90
91
90
85
48
27
17
1
0
0
0
0
0
0
0
0
0
0
0
0
0
0
0
28
96
96
96
96
96
96
95
92
94
96
96
95
95
93
90
86
62
25
0
0
0
0
0
0
0
1
82
64
16
15
15
15
14
1
0
0
0
1
0
0
0
0
0
0
0
0
0
0
0
0
0
0
0
0
37
97
96
96
96
96
97
97
97
97
97
96
96
96
97
97
97
97
97
97
97
96
96
96
96
96
96
94
91
92
92
93
93
93
93
91
92
92
93
92
92
91
90
90
91
91
81
83
82
83
77
68
56
41
28
27
28
28
28
28
27
21
15
14
14
4
0
0
0
0
0
0
0
0
0
0
3
92
87
56
37
29
23
15
15
4
0
74
64
15
15
15
4
0
79
95
96
95
93
94
91
94
93
95
92
91
90
87
89
95
94
90
92
41
27
28
16
14
68
76
68
92
92
92
95
96
95
96
96
96
96
96
96
96
96
96
96
96
97
96
