0
0
0
0
0
0
0
0
0
0
0
0
0
0
0
0
0
0
0
0
0
0
0
0
0
0
0
0
0
0
0
0
0
0
0
0
0
0
0
0
0
0
0
0
0
0
0
0
18
94
29
12
0
0
0
0
0
0
0
0
0
0
0
0
0
0
0
0
30
102
101
99
99
97
98
97
97
98
96
98
99
96
88
71
30
12
0
0
0
0
0
0
0
0
0
0
0
0
0
0
0
26
104
104
104
104
104
103
102
99
97
102
102
102
101
101
89
82
76
47
21
3
0
0
0
0
0
0
0
0
0
0
0
0
1
0
0
0
0
0
0
0
0
0
0
0
0
0
0
0
0
0
0
0
0
0
39
104
104
104
105
104
104
104
104
104
105
104
104
104
103
104
104
104
104
103
102
102
102
102
102
103
104
104
104
103
102
102
103
102
104
104
104
103
102
102
101
102
97
96
87
83
80
82
79
69
66
68
67
68
68
67
57
49
42
42
37
28
28
21
0
0
0
0
0
0
0
0
0
0
0
0
2
93
82
38
0
0
0
0
0
0
0
0
35
100
95
66
48
17
87
97
93
91
89
90
89
98
97
97
97
97
97
95
85
97
94
88
98
96
97
96
92
87
73
75
92
72
45
52
100
100
100
100
101
101
100
97
