0
0
0
0
0
0
0
0
0
0
0
0
0
0
0
0
0
0
0
0
0
0
0
0
0
0
0
0
0
0
0
0
0
0
0
0
0
0
0
0
0
17
51
15
13
0
0
0
0
0
0
0
0
0
0
0
0
0
0
0
0
8
23
26
26
26
26
26
26
26
25
24
24
24
24
25
25
25
24
4
0
0
0
0
0
0
0
0
0
0
0
0
0
0
0
0
0
0
0
0
0
0
36
65
69
70
71
71
71
73
73
75
77
78
82
94
94
96
97
99
92
91
99
100
98
98
98
98
97
97
97
93
99
100
99
98
98
98
97
92
69
82
98
98
98
99
99
98
97
84
97
92
90
91
92
92
90
90
85
66
66
54
29
19
14
14
14
13
0
0
0
0
0
0
0
0
0
0
0
0
0
0
0
0
0
0
0
0
0
0
0
0
0
0
0
53
101
97
88
69
31
7
0
16
99
79
29
2
3
94
101
100
100
100
98
99
99
98
98
98
99
99
92
74
64
47
80
92
33
7
0
0
0
0
0
0
0
38
101
73
29
27
1
88
100
100
100
98
98
97
98
98
98
98
98
98
96
96
98
100
98
100
93
77
70
68
34
72
83
78
95
85
86
100
101
102
102
102
102
102
102
101
102
102
102
102
101
102
