0
1
1
0
0
1
0
0
0
0
0
0
0
1
1
0
0
0
0
0
0
0
0
0
1
0
1
1
0
0
0
0
0
0
1
0
0
0
1
0
0
0
0
0
0
0
0
0
39
50
14
1
1
1
1
1
1
1
1
1
1
1
1
1
1
1
1
1
1
1
1
1
1
1
1
1
1
53
66
44
30
14
14
12
12
13
13
14
14
14
14
13
14
14
13
14
14
13
14
14
6
1
1
1
1
1
1
1
38
79
86
88
92
94
94
94
88
90
94
90
85
81
81
89
89
91
90
81
89
90
89
82
86
86
89
92
90
85
87
79
83
87
86
86
86
83
61
70
83
83
87
89
87
83
82
79
84
84
85
84
83
79
83
89
89
89
90
92
91
91
87
88
88
91
91
90
91
92
93
93
93
92
92
91
91
90
90
82
71
70
70
68
59
58
59
60
57
49
39
31
25
22
24
22
21
15
13
13
13
9
1
1
1
1
2
70
91
93
92
92
93
93
92
92
93
92
91
92
92
92
90
87
80
79
78
72
25
1
1
1
1
1
1
22
92
90
91
90
72
83
83
60
47
47
36
52
89
89
93
90
87
84
86
86
82
90
88
90
89
82
80
81
80
75
78
88
92
92
80
85
88
88
90
92
89
87
90
91
