0
0
0
0
0
0
0
0
0
0
0
0
0
0
0
0
0
0
0
0
0
0
0
0
0
0
0
0
0
0
0
0
0
0
0
0
46
45
14
1
0
0
0
0
0
0
0
0
0
0
0
0
0
0
0
0
0
0
0
0
0
0
0
0
0
58
68
44
24
14
14
4
0
0
0
0
0
0
0
0
0
0
0
0
0
0
0
0
0
0
0
0
0
0
0
0
35
83
93
91
93
93
92
90
83
83
85
81
88
85
82
81
85
80
82
84
77
80
82
87
89
84
87
82
80
77
82
83
78
88
81
79
87
77
57
73
84
86
86
84
85
78
88
80
90
86
84
78
80
77
84
83
84
85
84
86
82
75
71
77
69
65
56
54
38
23
23
23
24
25
25
24
21
13
4
0
0
0
0
0
0
0
0
0
0
0
0
0
0
51
89
78
77
53
33
1
0
0
0
0
0
0
1
70
84
81
80
87
88
88
86
81
78
85
81
86
84
74
78
77
59
67
71
67
39
18
12
0
0
0
0
32
98
92
69
80
54
63
59
50
49
47
48
57
90
91
81
77
89
92
88
84
92
91
87
93
91
74
50
35
15
56
70
58
83
94
89
94
94
95
94
96
92
96
94
94
95
95
97
97
91
95
95
94
80
85
92
93
