0
0
0
0
0
0
0
0
0
0
0
0
0
0
0
0
0
0
0
0
0
0
0
0
0
0
0
0
0
0
0
0
0
0
0
0
0
0
0
0
0
0
0
0
0
0
0
0
0
0
41
53
13
0
0
0
0
0
0
0
0
0
0
0
0
0
0
0
0
0
0
0
0
0
0
0
0
0
0
51
46
42
30
13
13
13
13
6
1
1
1
1
1
1
1
1
1
1
1
1
1
1
0
1
1
0
1
1
1
0
40
80
80
89
88
92
92
90
93
93
93
93
93
93
91
92
93
93
90
89
93
93
93
93
93
93
93
93
93
92
93
92
92
92
92
93
93
93
79
88
94
94
94
93
94
93
93
90
93
93
93
92
93
93
92
78
70
75
78
83
86
85
83
83
86
83
71
67
65
57
57
46
46
47
47
46
45
46
47
47
46
42
27
23
24
24
24
24
24
18
3
1
1
49
92
93
80
71
66
51
27
13
3
1
1
1
2
81
93
89
85
80
83
83
85
85
82
72
75
82
82
69
69
68
57
62
72
73
69
66
72
62
74
82
84
78
84
73
55
40
20
74
81
86
87
86
85
82
92
92
81
78
90
92
87
79
85
89
85
92
84
68
59
51
34
54
66
54
93
94
92
94
95
94
94
95
95
94
