0
0
0
0
0
0
0
0
0
0
0
0
0
0
0
0
0
0
0
0
0
0
0
0
0
0
0
0
0
0
0
0
0
0
0
0
0
0
0
46
63
34
22
13
3
0
0
0
0
0
0
0
0
0
0
0
0
0
0
0
0
0
0
0
0
0
0
0
58
56
34
22
13
1
0
0
0
0
0
0
0
0
0
0
0
0
0
0
0
0
0
0
0
0
0
0
0
0
0
43
62
83
92
94
96
94
95
94
94
94
93
93
92
90
92
92
92
88
88
92
91
92
92
92
92
92
92
93
91
92
92
93
93
93
92
92
90
68
80
93
93
93
93
93
93
93
88
93
93
93
93
92
93
92
80
76
67
62
62
65
65
63
63
65
62
48
40
33
25
24
12
12
12
12
12
10
1
1
1
1
1
1
1
1
1
1
1
1
1
1
1
1
50
95
94
86
83
81
69
40
28
23
12
1
0
2
80
90
88
85
75
81
83
75
80
78
82
78
79
73
69
77
77
73
73
74
59
59
54
55
45
64
73
66
57
56
43
13
13
9
77
87
93
93
92
92
86
92
92
83
83
91
92
92
91
90
88
85
89
81
61
17
14
13
63
79
56
91
79
76
92
95
95
95
95
93
93
93
94
95
95
96
96
95
93
94
95
89
