101
101
101
101
101
101
101
101
101
101
101
101
101
101
101
101
100
101
101
101
101
101
101
101
101
101
101
101
100
101
101
101
101
101
101
101
101
101
101
101
101
101
101
101
101
101
101
101
101
101
101
101
101
101
101
101
101
101
101
100
101
101
101
101
101
101
101
101
101
101
101
101
101
101
101
101
101
101
101
101
101
101
101
101
101
101
101
101
101
101
101
101
101
101
101
101
101
101
101
101
101
101
101
101
101
101
101
101
101
101
101
101
101
101
101
101
101
101
101
101
101
101
101
101
101
101
101
101
100
101
101
100
101
101
101
101
100
100
100
101
100
100
100
100
101
101
100
101
100
100
101
100
100
99
101
100
101
97
96
96
96
96
96
96
96
87
84
84
74
70
70
59
57
57
57
57
58
58
58
57
57
48
43
43
43
43
43
43
43
43
43
43
43
43
43
43
35
29
29
29
23
15
15
15
9
1
1
0
0
0
0
0
0
0
0
0
0
0
0
0
0
0
0
0
0
0
0
0
0
0
0
0
0
0
0
0
0
0
0
0
0
0
0
0
0
0
0
0
0
0
0
0
0
0
0
0
0
0
0
0
0
0
0
0
0
0
0
0
0
0
0
0
0
0
0
0
0
0
0
0
0
1
92
103
103
103
102
102
