103
104
103
103
103
103
103
103
103
102
103
102
103
102
103
102
103
103
102
103
102
103
102
103
102
103
103
103
103
102
103
102
103
101
103
102
103
103
102
103
102
103
101
103
102
103
102
102
103
101
103
101
103
102
103
102
102
103
102
103
102
103
102
103
102
102
103
101
103
102
103
102
102
102
102
103
102
103
102
102
103
102
103
102
103
101
103
103
102
103
102
103
101
103
102
102
103
102
103
102
103
102
103
102
103
103
101
103
102
103
102
103
102
102
103
102
103
102
103
102
103
103
102
103
102
103
102
103
102
102
103
101
103
102
103
103
102
103
102
103
102
103
103
101
103
102
103
101
103
102
98
97
97
97
97
97
97
97
97
97
97
97
97
85
85
85
85
85
85
85
85
85
85
85
85
85
85
85
73
67
57
57
57
53
43
43
43
43
39
29
29
29
19
1
1
1
1
1
1
1
1
1
1
1
1
1
1
1
1
1
1
1
1
1
1
1
1
1
1
1
1
1
1
1
1
1
1
1
1
1
1
1
1
1
1
1
1
1
1
1
1
1
1
1
1
1
1
1
1
1
1
1
1
1
1
1
1
1
1
1
1
1
1
1
1
1
1
1
1
1
1
1
1
1
1
1
1
1
1
1
1
1
84
102
102
100
102
101
