101
102
101
102
101
102
102
102
102
101
102
101
103
101
102
101
102
102
102
102
101
102
102
102
102
102
102
101
103
101
102
102
102
102
101
102
101
103
101
101
102
101
103
101
102
101
102
101
101
102
101
102
100
103
101
102
101
102
102
101
102
101
102
101
102
101
102
102
101
102
101
102
101
102
101
102
102
101
103
101
102
101
102
101
102
102
101
102
101
102
101
102
101
102
102
102
102
102
102
101
102
101
102
101
102
102
102
102
101
102
101
102
101
102
102
102
102
101
102
101
102
101
102
101
102
102
101
102
101
102
100
102
101
102
102
102
102
100
96
96
96
96
85
71
71
71
71
71
71
71
71
71
71
71
71
71
71
71
71
71
71
71
71
71
71
71
71
71
71
71
71
61
57
57
57
57
57
57
44
43
43
35
29
29
29
29
29
29
29
29
18
15
15
15
15
15
15
15
15
14
1
1
1
1
1
1
1
1
1
1
1
1
1
1
1
1
1
1
1
1
1
1
1
1
1
1
1
1
1
1
1
1
1
1
1
1
1
1
1
1
1
1
1
1
1
1
1
1
1
1
1
1
1
1
1
1
1
1
1
1
1
1
1
1
1
1
1
1
1
1
1
1
1
1
1
1
1
1
1
1
1
1
90
100
102
100
102
101
