96
96
96
96
96
96
96
96
96
96
96
96
96
96
96
96
96
96
96
96
96
96
96
96
96
96
96
96
96
96
96
96
96
96
96
96
96
96
96
96
96
96
97
97
97
97
97
98
98
98
98
98
98
98
98
98
98
99
99
100
100
100
100
100
101
100
101
101
100
101
100
101
101
101
101
100
101
100
101
101
100
101
101
102
101
102
102
102
103
102
103
102
102
103
102
103
102
102
103
102
103
102
103
102
102
103
102
103
102
103
102
102
103
101
103
102
103
102
102
103
102
102
103
102
103
102
103
103
102
102
101
103
102
103
103
102
103
101
103
102
102
103
102
103
102
103
103
101
99
92
85
85
85
84
85
85
85
85
85
75
71
71
71
71
71
71
71
71
67
50
43
43
43
43
32
29
29
22
15
15
15
15
15
15
15
15
15
15
11
1
1
1
1
1
1
1
1
1
1
1
1
1
1
1
1
1
1
1
1
1
1
1
1
1
1
1
1
1
1
1
1
1
1
1
1
1
1
1
1
1
1
1
1
1
1
1
1
1
1
1
1
1
1
1
1
1
1
1
1
1
1
1
1
1
1
1
1
1
1
1
1
1
1
1
1
1
1
1
1
1
1
1
1
1
1
1
1
1
1
1
1
1
87
102
100
103
101
102
