101
103
102
101
102
101
103
102
102
102
101
103
101
103
102
100
103
102
102
103
100
103
102
101
103
101
103
102
102
103
101
103
102
101
103
100
102
103
101
103
101
103
102
102
102
102
103
101
103
101
103
103
101
103
101
104
101
103
102
101
101
101
103
100
102
104
104
104
104
103
102
100
103
101
101
103
100
103
101
102
102
101
103
101
103
102
102
103
101
103
102
101
103
101
103
102
101
103
101
103
101
103
103
101
103
102
103
102
102
103
101
103
101
103
102
102
103
101
103
102
101
103
100
103
102
101
103
101
102
102
100
103
101
101
103
101
103
101
102
102
100
103
102
100
103
101
102
101
97
97
97
97
97
97
97
97
97
97
98
98
97
98
97
97
98
97
97
98
97
97
98
97
98
91
86
86
86
86
86
86
84
58
48
43
43
43
29
29
29
29
27
15
15
15
15
15
15
15
15
15
15
15
15
15
15
15
15
15
15
15
15
15
15
15
15
15
15
15
15
8
0
0
0
0
0
0
0
0
0
0
0
1
0
0
0
0
0
0
0
0
0
0
0
0
0
0
0
0
0
0
0
0
0
0
0
0
0
0
0
0
0
0
0
0
0
0
0
0
0
0
0
0
0
0
0
0
0
0
0
0
0
0
83
102
102
101
102
104
