100
100
99
99
99
99
99
99
99
99
99
99
99
99
99
99
99
98
98
98
100
100
100
100
99
99
99
99
100
99
100
99
99
99
99
99
99
99
99
99
98
99
98
98
99
99
99
98
99
99
98
100
99
100
100
100
100
99
99
99
99
99
98
98
99
98
99
98
99
98
98
98
98
97
99
99
99
99
100
99
99
99
99
98
98
99
99
98
98
99
98
98
98
99
100
100
99
100
99
100
100
99
99
100
100
99
99
98
99
99
99
98
98
99
98
99
99
99
98
98
99
99
99
100
99
100
99
99
99
99
99
99
100
99
99
99
98
99
99
98
99
99
99
98
99
98
98
99
97
96
97
96
96
96
96
95
86
86
86
86
86
86
86
86
86
83
69
57
57
57
57
57
57
57
57
57
57
32
29
29
29
29
29
18
14
14
12
12
12
12
12
13
14
14
14
15
15
14
14
14
14
14
14
14
14
14
14
14
14
14
14
14
14
14
9
0
1
0
1
1
1
1
1
1
1
1
1
1
1
1
1
1
1
1
1
1
0
0
0
0
0
0
0
0
0
0
0
0
0
0
0
0
1
1
0
1
0
1
1
1
1
1
1
1
1
1
1
1
1
1
1
1
1
0
0
0
0
0
0
0
0
1
90
98
98
97
98
97
