101
100
100
101
100
101
101
100
101
100
101
101
100
101
100
101
100
100
101
101
101
101
100
101
100
100
101
101
101
101
101
101
100
101
100
101
101
100
101
100
101
101
100
101
100
101
101
101
101
100
101
100
101
101
101
101
100
100
101
100
101
101
100
101
100
100
101
100
101
100
101
101
101
100
100
101
101
100
101
100
101
100
100
101
100
101
101
100
101
100
101
101
100
101
101
101
101
100
101
100
101
101
100
101
101
101
101
100
101
100
101
101
100
101
100
101
101
100
101
101
101
101
100
101
100
101
101
100
101
100
101
100
100
100
100
101
100
100
101
100
101
100
101
101
100
101
100
101
100
101
101
100
100
102
102
102
101
103
101
103
102
103
102
98
97
97
97
97
97
97
97
97
97
97
97
97
97
97
92
83
72
72
72
72
72
72
60
58
58
58
58
58
58
58
58
58
52
38
18
15
15
15
15
15
15
15
15
15
15
15
15
15
15
15
15
2
0
0
0
0
0
0
0
0
0
0
0
1
0
0
0
0
0
0
1
0
0
0
0
0
0
0
0
0
0
0
0
0
0
0
0
0
0
0
0
0
0
0
0
0
0
0
0
0
0
0
0
0
1
0
1
0
0
0
0
1
0
1
0
0
0
0
1
0
0
0
0
0
