103
104
103
104
104
104
104
103
103
103
103
104
103
103
104
104
104
103
103
104
104
104
103
103
103
103
104
104
103
104
104
103
103
103
103
103
104
103
104
103
103
104
103
103
104
104
103
103
104
104
104
103
103
103
103
104
104
103
104
104
103
104
104
104
104
103
103
104
104
104
104
103
103
103
104
103
104
104
104
104
103
104
103
103
104
104
103
104
103
103
103
104
103
103
103
103
104
104
104
104
103
103
104
103
103
104
104
103
103
103
103
103
103
103
103
104
103
103
103
103
104
104
103
104
104
104
104
104
103
104
104
103
103
103
104
104
103
103
103
103
104
104
103
103
103
103
103
104
103
103
103
104
104
105
105
99
98
98
98
93
86
86
86
86
86
86
86
86
75
72
72
72
72
72
72
72
67
58
58
58
47
25
15
15
15
15
15
15
15
15
15
15
15
15
15
15
15
15
15
15
15
15
15
15
15
15
15
15
15
15
15
15
15
4
0
0
0
0
0
0
0
1
0
0
0
0
0
0
0
0
0
0
0
0
0
0
0
0
0
0
0
0
0
0
0
0
0
0
0
0
0
0
0
0
0
0
0
0
0
0
0
0
0
0
0
0
0
0
0
0
0
0
0
0
0
0
0
0
0
0
0
0
0
0
0
0
0
0
