6
6
6
6
6
6
8
10
6
6
6
6
6
6
6
6
6
6
6
6
6
6
6
6
6
6
10
8
6
6
6
6
6
7
6
6
27
39
39
39
38
42
42
33
6
6
6
6
6
10
8
7
6
6
6
6
9
6
6
13
50
6
6
6
6
6
6
6
6
9
9
6
6
6
6
6
6
6
6
6
6
6
8
10
6
6
6
9
10
6
6
6
6
7
6
6
6
6
6
6
6
6
6
6
6
7
6
6
10
8
6
7
6
6
6
6
6
7
6
6
6
6
6
6
6
6
6
6
6
7
12
6
6
6
6
6
6
6
6
6
6
7
13
6
6
6
6
6
6
6
6
6
6
6
6
6
6
6
6
6
6
34
43
27
6
11
7
6
6
6
6
6
6
6
6
6
6
6
6
6
6
6
15
8
7
12
7
6
6
6
6
6
6
6
6
6
6
8
6
6
6
6
6
6
6
6
12
6
6
6
6
6
6
6
6
6
6
6
6
6
6
6
6
6
6
6
6
6
7
11
6
6
6
6
6
6
6
6
6
6
6
6
6
6
6
6
6
6
8
11
6
6
6
6
6
6
7
7
6
40
6
7
7
6
6
6
6
8
11
6
6
6
6
7
6
6
6
6
6
6
6
6
6
6
6
6
7
6
