2
2
2
2
2
2
2
3
3
3
2
2
2
2
2
3
3
2
2
2
3
3
2
2
3
2
2
2
3
3
2
3
3
2
2
2
2
2
2
3
3
2
2
2
3
3
2
2
2
2
2
2
3
2
2
3
2
3
2
2
2
2
2
2
3
2
3
2
4
2
2
2
3
2
2
2
3
4
2
3
3
4
2
2
2
2
2
3
3
2
3
3
2
2
2
3
2
2
2
2
5
3
2
3
2
3
3
2
2
2
2
3
12
28
29
28
24
22
22
24
28
26
22
21
22
22
19
20
19
17
19
21
18
18
19
22
22
23
22
20
19
21
23
16
15
36
36
30
30
31
30
32
34
37
30
31
32
28
26
27
25
14
19
31
21
2
2
3
2
2
2
2
12
6
2
3
4
2
2
2
2
2
2
3
3
2
2
2
2
2
2
3
2
2
2
2
2
2
2
3
2
2
2
2
2
2
2
3
3
2
3
3
4
2
2
3
3
2
2
2
3
5
2
3
2
3
2
2
2
2
2
3
3
2
2
2
3
3
2
3
2
2
2
2
2
2
2
3
4
2
2
2
2
2
2
3
3
2
2
2
3
3
2
3
3
2
3
2
3
5
2
3
4
2
2
2
2
2
2
3
3
2
2
2
5
2
2
3
