65
67
67
73
56
68
70
73
63
68
71
72
65
64
56
56
58
70
70
68
72
64
73
65
65
76
65
71
63
67
67
72
66
67
67
62
71
68
67
66
73
66
73
69
72
65
71
68
74
65
75
69
60
72
69
74
69
64
69
72
64
63
71
63
73
67
69
71
68
73
62
67
73
63
69
67
73
63
66
73
66
59
69
72
62
70
73
65
68
72
63
76
68
66
72
60
73
64
74
66
67
69
69
72
61
69
66
74
66
63
61
48
72
67
71
61
70
70
69
69
75
63
69
71
62
74
74
58
72
67
72
72
62
70
68
72
67
72
64
73
67
68
73
61
70
67
73
64
72
73
66
65
60
65
60
60
60
60
60
60
60
66
66
64
68
68
60
66
64
65
66
70
60
60
71
66
67
68
67
69
64
64
64
69
66
69
59
65
68
64
60
72
64
66
69
68
62
70
66
71
63
65
71
65
73
66
60
70
63
70
66
62
68
66
67
69
72
61
69
68
68
72
65
66
73
67
60
68
66
65
68
68
59
68
65
66
64
68
70
68
60
67
66
63
68
66
64
68
63
68
68
61
69
69
68
62
70
60
68
63
66
63
69
64
67
66
67
72
60
68
73
66
58
68
67
60
75
68
63
64
69
68
66
69
64
68
66
68
