8
6
6
8
8
8
7
7
7
8
9
9
9
8
8
9
9
9
8
8
8
8
7
7
6
9
11
8
11
10
8
8
9
8
9
10
10
11
10
10
9
9
9
9
8
12
12
10
10
10
11
16
15
12
11
9
9
10
10
9
9
8
9
18
14
8
8
13
8
8
9
9
9
8
9
8
7
6
7
6
8
8
7
7
8
10
8
6
7
8
8
8
12
8
8
8
8
7
9
9
8
9
9
9
11
8
7
8
10
11
10
8
8
7
6
7
8
6
6
6
7
8
6
7
8
8
9
7
6
7
6
7
7
7
6
6
7
5
7
6
7
6
6
6
5
4
5
0
0
0
0
0
0
2
5
4
5
5
4
4
4
4
5
4
4
3
5
5
4
5
5
4
5
4
6
5
6
5
5
6
6
6
6
5
5
5
4
4
5
5
4
4
5
5
5
5
4
4
5
5
6
5
4
5
6
5
5
5
5
6
6
7
6
7
8
7
6
7
6
6
6
6
9
8
7
7
9
8
9
9
9
9
9
9
9
8
8
9
9
10
10
8
9
10
11
9
11
9
8
6
8
10
10
9
10
8
7
7
9
11
10
10
11
7
10
8
9
10
8
8
9
8
6
8
10
10
9
8
8
10
9
10
9
8
7
9
8
9
