4
4
4
4
4
4
4
4
4
4
4
4
4
4
4
4
4
4
4
4
4
4
4
4
4
4
4
4
5
6
4
4
4
4
4
4
4
4
4
4
4
4
4
4
4
4
4
4
4
4
4
4
4
4
4
4
4
4
4
4
4
4
4
4
4
4
4
4
4
4
4
4
4
4
4
4
4
6
4
4
4
4
4
4
4
4
4
4
4
4
4
4
4
4
4
4
4
4
4
4
5
6
8
4
4
4
4
4
5
4
4
4
6
7
10
12
10
12
13
12
11
11
12
12
11
10
10
8
9
12
12
11
9
10
12
16
11
8
8
9
9
9
8
8
8
9
8
9
11
8
8
9
11
15
10
10
10
11
11
11
12
11
10
9
10
10
10
13
14
14
15
15
19
14
14
14
13
12
12
12
12
13
12
12
13
12
12
13
14
13
13
13
13
12
14
13
13
13
14
14
13
14
14
15
15
15
15
13
11
12
13
15
14
16
16
15
15
15
15
16
15
19
15
15
15
14
13
14
14
15
15
15
14
14
14
15
14
12
11
14
15
15
15
13
10
9
10
10
11
13
15
14
15
16
16
17
16
16
17
17
17
17
16
16
17
16
17
17
17
20
17
17
18
18
19
18
18
15
11
11
14
17
17
16
15
13
6
4
