2
2
2
2
2
2
2
2
2
2
2
2
2
2
2
2
2
2
2
2
2
2
2
2
2
2
2
2
2
2
2
2
2
2
2
2
2
2
2
2
2
2
2
2
2
2
2
2
2
2
2
2
2
2
2
2
2
2
2
2
2
2
2
2
2
2
2
2
2
2
2
2
2
2
2
2
2
2
2
2
2
2
2
2
2
2
2
2
2
2
2
2
2
2
2
2
2
2
2
2
9
35
31
32
35
47
56
42
34
18
47
52
57
46
43
40
47
46
50
43
45
42
38
37
32
18
31
44
40
41
30
42
36
39
48
46
40
45
51
46
61
61
61
59
43
32
51
53
25
31
16
15
19
27
20
20
18
17
18
18
17
14
14
14
18
20
20
20
39
60
61
60
60
61
60
61
60
62
61
61
61
61
62
61
62
61
61
62
62
62
61
61
61
60
60
59
48
22
39
40
48
49
47
48
40
42
40
38
22
26
40
44
39
41
45
46
40
46
39
57
28
37
41
52
33
39
47
36
38
47
43
36
56
22
42
32
43
41
40
40
43
40
46
43
40
44
41
39
41
54
58
58
58
56
39
28
27
32
55
59
59
56
58
61
59
62
61
58
61
43
26
13
2
2
2
2
2
2
2
2
2
2
2
2
2
2
2
2
