2
2
2
2
2
2
2
2
2
2
2
2
2
2
2
2
2
2
2
2
2
2
2
2
2
2
2
2
2
2
2
2
2
2
2
2
2
2
2
2
2
2
2
2
2
2
2
2
2
2
2
2
2
2
2
2
2
2
2
2
2
2
2
2
2
2
2
2
2
2
2
2
2
2
2
2
2
2
2
2
2
2
2
2
2
2
2
2
2
2
2
2
2
2
2
2
2
2
2
2
2
2
2
2
2
2
2
3
2
2
2
2
2
2
2
2
2
2
2
2
2
2
2
2
2
2
3
2
7
19
3
2
2
2
2
2
2
2
2
2
2
2
2
2
2
2
2
2
5
2
2
2
2
8
2
2
2
2
2
2
2
2
2
2
2
2
2
2
2
2
2
2
11
30
27
44
58
34
26
25
31
30
27
27
26
26
26
19
16
35
47
48
50
43
32
34
35
25
39
47
36
41
48
48
41
46
27
16
18
18
19
19
19
19
20
20
20
20
21
22
25
25
28
32
40
34
31
31
30
30
33
32
45
46
48
36
24
37
39
36
48
46
36
36
43
45
33
36
42
31
36
45
31
36
52
33
44
47
25
43
48
23
39
50
28
34
28
31
44
37
44
59
48
31
21
30
35
41
45
34
30
31
30
39
50
40
44
48
