9
8
8
9
8
9
8
8
8
9
8
8
8
8
8
9
8
9
9
8
8
9
8
8
8
8
8
9
9
9
9
8
8
8
8
8
9
8
8
8
8
9
8
8
8
9
8
8
8
8
8
9
8
8
9
8
8
8
8
8
9
8
9
9
8
8
9
8
8
8
9
8
8
8
8
8
10
12
13
9
25
24
23
8
8
9
7
9
8
8
8
7
8
7
9
7
8
8
8
7
8
12
8
12
42
45
25
8
9
8
8
9
8
9
8
9
8
8
8
8
8
7
8
8
8
9
8
6
9
8
7
7
8
7
7
9
7
7
9
7
8
8
7
7
7
7
6
9
7
8
9
7
8
11
7
8
8
7
8
8
8
9
8
8
8
8
8
8
8
8
8
8
10
29
16
8
8
9
8
8
8
7
9
8
7
7
10
8
8
7
9
8
9
8
8
8
8
8
9
8
8
9
8
8
9
8
7
9
9
8
9
9
8
9
8
9
9
8
8
9
10
10
8
9
8
8
9
8
8
9
9
9
9
9
9
8
9
8
8
9
9
9
8
9
9
9
9
9
9
9
9
9
9
8
9
9
8
9
9
8
8
9
9
9
9
8
9
9
9
10
8
8
8
9
8
8
8
8
8
9
8
9
9
8
8
9
9
8
