7
7
7
7
7
7
7
7
7
7
7
7
7
7
7
7
7
7
7
7
7
7
7
7
7
7
7
6
7
7
6
6
7
7
7
6
7
7
7
7
7
7
7
7
7
7
7
11
7
7
7
7
7
7
7
7
7
7
7
7
7
7
7
7
7
7
7
7
7
6
7
7
7
6
7
7
7
7
7
7
7
7
7
7
7
7
7
7
7
7
7
7
7
7
7
7
7
7
7
7
7
7
7
7
7
7
7
7
7
7
7
6
6
7
7
7
7
7
7
7
6
7
7
7
7
7
7
6
6
7
7
7
7
7
7
7
7
6
7
7
6
6
7
7
7
7
7
7
7
7
7
7
7
6
7
7
7
7
7
7
7
7
7
7
7
6
7
6
15
7
6
7
6
7
7
7
7
7
6
7
7
7
7
7
7
7
7
7
7
7
7
6
7
20
7
7
7
7
7
7
7
7
7
7
7
7
6
7
7
7
7
7
7
6
7
7
6
6
7
7
7
7
7
7
7
7
7
7
6
7
6
7
6
7
7
7
7
7
7
7
7
7
7
7
7
7
7
7
7
7
7
7
7
7
7
7
7
7
7
7
7
7
7
7
7
7
7
7
7
7
7
7
7
7
7
6
6
7
7
7
7
7
7
7
7
7
7
7
