55
22
46
50
21
46
41
30
46
30
37
50
19
47
49
22
46
39
35
54
17
49
48
27
51
29
42
52
16
51
42
33
55
19
53
46
35
50
22
46
50
17
49
42
40
57
21
53
36
41
55
19
45
44
28
83
96
95
94
95
95
95
95
95
95
95
95
95
95
95
95
95
96
95
95
95
95
95
95
95
95
95
95
95
95
94
96
95
95
95
94
95
95
95
95
95
95
95
95
95
95
96
95
95
95
95
95
95
95
95
95
93
95
94
94
95
94
93
92
93
93
95
95
94
93
94
93
95
93
94
95
93
94
92
94
95
95
94
92
95
95
95
94
95
95
95
95
95
95
95
95
95
95
95
95
95
95
95
95
37
2
2
2
2
2
2
2
2
2
2
3
2
2
2
2
2
2
2
2
2
2
2
2
2
2
2
2
2
2
2
2
2
2
2
2
2
2
2
2
2
3
2
2
2
2
2
2
2
2
2
2
2
2
2
2
2
2
2
2
2
2
2
2
2
2
2
2
2
2
2
2
2
2
2
2
2
2
2
3
2
2
2
2
2
2
2
2
2
2
2
2
2
2
2
2
2
2
3
2
2
2
2
2
2
2
2
2
2
2
2
2
2
2
2
2
2
3
2
2
2
2
2
2
2
2
2
3
2
