96
96
96
96
96
96
97
96
97
96
94
95
95
95
95
95
95
96
96
96
96
96
95
95
96
96
96
96
97
96
96
97
96
96
96
96
96
96
96
96
97
97
96
96
96
96
96
96
96
96
96
97
96
96
96
96
84
83
95
95
95
95
95
95
95
95
95
95
95
96
95
95
95
95
95
95
95
95
95
95
95
95
95
95
95
95
95
95
95
95
95
95
95
95
95
95
96
95
95
95
95
95
95
95
95
95
95
95
95
95
95
95
95
95
93
95
93
95
93
94
94
88
94
93
93
91
92
95
89
94
95
95
95
92
95
92
95
95
95
95
94
93
94
95
95
95
95
93
95
95
95
95
95
95
95
94
94
95
95
94
95
39
1
1
1
1
2
1
1
1
1
1
1
1
1
1
1
1
1
1
1
1
1
1
1
1
1
1
1
1
1
1
1
1
1
1
1
1
1
1
1
1
1
1
1
1
1
1
1
1
1
1
1
1
1
1
1
1
1
1
1
1
1
1
1
1
1
1
1
1
1
1
1
1
1
1
1
1
1
1
1
1
1
1
1
1
1
1
1
1
1
1
1
1
1
1
1
1
1
1
1
1
1
1
1
1
1
1
1
1
1
1
1
1
1
1
1
1
1
1
1
1
1
1
1
1
1
1
