56
56
14
0
8
56
56
56
56
56
56
56
35
0
0
39
56
56
56
56
56
56
30
0
0
12
56
56
56
56
56
56
56
24
0
1
52
56
56
56
56
56
56
17
0
0
30
57
57
56
56
56
56
38
9
0
18
56
56
56
56
56
56
50
1
0
1
54
56
56
56
56
56
56
19
0
0
31
56
56
56
57
56
56
31
0
0
22
56
56
56
56
56
56
47
0
0
2
55
56
56
56
56
56
56
42
0
0
0
46
56
56
56
56
57
57
54
18
0
0
31
56
56
56
56
56
56
56
20
0
0
26
56
57
56
56
56
56
57
26
0
0
27
56
56
56
56
56
56
56
43
0
0
19
56
56
56
56
56
56
56
13
0
0
15
56
56
56
56
56
56
56
35
0
0
0
50
56
56
56
56
57
56
56
33
1
0
17
56
56
56
56
56
56
57
41
0
0
0
36
57
56
57
57
56
56
56
37
0
0
6
56
56
56
56
56
56
56
55
19
0
0
31
56
56
56
56
56
56
56
39
1
0
2
55
56
57
56
56
56
56
54
3
0
0
32
56
56
56
56
56
56
56
45
0
0
21
56
56
56
57
57
56
56
39
0
0
28
56
56
57
56
56
56
56
43
2
0
17
57
56
56
56
56
56
57
44
1
