86
77
2
0
17
86
86
86
86
86
86
78
1
0
0
60
86
86
86
86
86
86
40
0
0
19
86
86
86
86
86
86
72
2
0
1
81
86
86
86
86
86
83
10
0
0
46
86
86
86
86
86
86
44
0
0
28
86
86
86
86
86
86
58
7
0
1
83
86
86
86
86
86
75
10
0
0
48
86
86
86
86
86
86
24
0
0
34
86
86
86
86
86
86
48
0
0
3
85
86
86
86
86
86
86
66
2
0
0
77
86
86
86
86
86
86
52
0
0
0
54
86
86
86
86
86
87
81
14
0
0
45
86
86
86
86
86
86
85
8
0
0
47
86
86
86
86
86
86
81
8
0
0
35
86
86
86
86
86
86
86
27
0
0
30
86
86
86
86
86
86
86
38
0
0
1
82
86
86
86
86
86
86
78
7
0
0
32
86
86
86
86
86
86
86
71
1
0
0
60
86
86
86
86
86
86
86
34
0
0
14
86
86
86
86
86
86
86
78
2
0
0
54
86
86
86
86
86
86
86
46
0
0
25
86
86
86
86
86
86
86
75
15
0
0
55
86
86
86
86
86
86
84
6
0
0
39
86
86
86
86
86
86
86
52
2
0
49
86
86
86
86
86
86
86
44
0
0
32
86
86
86
86
86
86
86
20
0
