57
57
23
1
5
55
57
57
57
57
57
53
8
1
1
33
57
57
57
57
57
57
53
3
1
6
57
57
57
57
57
57
57
15
1
1
47
57
57
57
57
57
56
13
1
1
24
57
57
57
57
57
57
56
3
1
12
57
58
57
57
57
57
55
8
1
1
48
57
57
57
57
57
57
32
1
1
25
57
57
57
57
57
57
57
4
1
16
57
57
57
57
57
57
52
6
1
1
51
57
57
57
57
57
57
55
9
1
1
40
57
57
57
57
57
57
56
14
1
1
29
57
57
57
57
57
57
57
24
1
1
19
57
57
57
57
57
57
57
35
5
1
21
57
57
57
57
57
57
57
24
1
1
16
57
57
57
57
57
57
57
31
1
1
13
57
57
57
57
57
57
57
44
1
1
1
48
57
57
57
57
57
57
56
8
1
1
15
57
57
57
57
57
57
57
52
2
1
1
29
57
57
57
57
57
57
57
37
1
1
3
56
57
57
57
57
57
57
57
26
1
1
29
57
57
57
57
57
57
57
47
14
1
2
54
57
57
57
57
57
57
57
12
1
1
29
57
57
57
57
57
57
57
55
13
1
19
57
57
57
57
57
57
57
48
4
1
25
57
57
57
57
57
57
57
30
1
1
14
57
57
57
57
57
57
57
49
6
