101
102
102
27
20
102
103
102
102
102
103
103
103
56
0
71
103
101
103
102
102
103
101
76
3
22
102
102
102
103
102
102
102
102
28
4
98
103
102
102
102
102
102
102
62
0
55
103
102
103
102
102
103
102
77
0
33
102
102
102
103
103
102
103
93
18
2
99
102
103
102
103
102
103
102
58
0
57
103
102
102
103
102
103
100
66
1
40
103
103
102
103
103
103
102
76
13
3
102
103
103
102
102
102
103
103
93
4
0
91
103
103
102
102
102
103
102
103
29
0
64
103
102
103
102
102
103
102
99
44
0
54
103
103
103
103
103
102
102
99
29
0
56
102
102
102
101
103
101
103
103
43
0
41
103
103
103
102
103
103
103
102
54
0
35
104
102
102
103
103
103
103
103
75
8
2
97
102
102
103
102
103
103
103
102
35
0
38
102
102
102
102
103
102
102
102
84
11
0
72
104
102
103
103
103
102
103
103
57
2
16
102
102
103
103
103
102
103
101
99
19
0
64
102
102
102
102
102
103
103
103
85
8
9
102
101
102
103
102
102
103
102
94
23
0
65
103
103
102
102
103
101
102
102
93
4
46
102
102
101
103
102
103
102
103
82
4
58
104
102
102
102
102
102
102
102
65
3
39
104
103
102
102
102
103
103
102
78
