8
6
7
5
6
6
7
11
8
5
5
5
5
6
5
5
5
7
9
7
5
5
7
10
8
8
5
5
5
5
9
10
10
5
9
10
13
7
11
10
5
5
5
5
5
7
5
5
5
6
5
6
9
8
7
7
7
7
5
5
6
5
5
5
5
10
5
5
5
7
10
10
9
11
9
5
5
5
7
5
9
8
8
5
7
7
8
5
7
6
5
6
5
8
10
5
9
5
5
5
5
5
6
11
6
6
10
7
6
9
6
7
8
5
5
6
8
6
8
5
8
8
10
10
10
10
9
11
12
5
7
9
7
5
8
10
8
5
5
6
6
8
10
8
7
9
8
11
7
6
6
6
8
5
5
5
5
5
7
10
10
6
6
7
6
7
9
5
6
5
6
7
5
5
5
7
5
6
10
10
10
6
9
6
6
10
8
6
7
9
7
6
8
5
8
9
6
10
11
10
6
5
8
6
10
8
7
5
10
12
8
6
5
5
11
6
9
9
6
7
11
11
5
5
5
5
5
5
5
5
5
8
5
10
10
7
5
5
5
7
9
5
9
6
6
8
5
5
5
6
6
6
5
5
5
6
10
10
5
5
5
8
6
7
7
6
8
5
8
9
6
10
9
5
5
5
7
7
9
8
6
5
8
7
7
5
5
9
