55
37
2
2
2
2
4
2
2
1
2
2
2
26
8
7
10
17
23
22
29
21
32
31
39
28
51
56
55
55
55
55
56
55
54
55
55
56
56
55
55
55
56
56
56
55
36
2
3
13
40
8
7
8
18
21
22
29
45
38
28
50
57
55
55
55
55
55
55
56
56
56
56
55
55
54
55
55
55
55
56
54
24
2
2
24
9
7
11
18
26
26
30
25
29
26
28
26
47
56
55
56
54
55
54
56
55
55
55
55
55
56
57
58
60
63
56
54
55
7
0
2
27
6
10
4
3
5
4
4
12
12
19
16
18
18
17
12
22
16
17
17
18
15
16
25
44
56
54
53
52
53
54
53
54
52
50
53
54
55
53
54
54
54
52
55
55
20
2
1
19
36
6
6
4
4
5
11
12
17
18
18
20
21
18
25
20
19
20
15
27
45
56
55
55
55
55
55
55
55
56
55
55
56
56
55
56
55
56
55
55
45
1
2
4
35
31
37
42
47
52
52
57
55
55
55
55
55
56
55
55
55
55
55
56
56
56
56
55
55
55
55
15
0
2
24
10
7
7
14
17
22
21
26
20
30
25
26
25
32
51
56
56
56
55
56
56
54
55
56
55
55
55
56
56
55
56
56
56
55
27
2
0
18
29
7
12
19
