5
4
5
4
7
4
4
4
4
4
6
5
8
6
4
4
4
8
9
6
8
6
4
5
4
5
11
6
8
9
5
4
4
4
6
6
4
4
5
4
7
6
6
9
7
7
5
4
4
4
4
4
4
4
4
4
4
4
4
5
6
4
4
4
4
4
4
6
4
4
4
4
4
4
4
4
6
9
4
5
8
5
5
5
5
4
4
4
7
5
4
4
5
8
4
5
6
4
4
4
6
4
4
4
4
5
5
4
4
4
4
4
4
4
4
4
4
6
5
7
6
6
4
4
4
4
4
4
4
4
4
6
4
6
4
4
4
4
4
7
9
6
4
4
4
6
6
4
6
5
4
4
4
5
5
4
4
4
4
4
4
4
4
4
4
4
4
4
4
4
4
6
8
6
4
4
5
6
6
6
4
4
5
5
5
4
4
8
7
5
4
5
4
4
4
4
4
4
4
4
4
5
4
5
4
5
4
4
5
5
5
5
4
4
4
5
4
4
4
5
4
5
4
5
6
6
4
5
5
8
4
4
4
4
4
5
4
7
9
11
6
4
7
9
9
7
6
6
4
4
4
8
4
4
4
4
8
5
7
4
8
5
4
4
8
9
4
4
5
5
4
4
4
5
4
5
8
7
4
4
6
8
4
4
4
6
4
4
