4
5
4
5
4
6
6
7
10
8
5
9
7
5
6
5
6
8
5
6
4
5
7
5
6
5
9
9
8
5
9
5
4
5
6
5
4
5
4
7
4
5
4
5
6
7
7
6
5
5
4
5
6
5
4
8
6
6
5
6
6
5
4
5
4
5
4
5
9
5
4
5
7
7
5
9
5
5
4
5
5
5
4
7
7
6
4
5
5
7
5
5
4
5
7
7
5
9
8
6
8
8
10
7
5
5
4
6
4
5
4
5
6
6
5
5
5
8
6
8
8
7
4
5
4
5
5
6
7
5
6
6
8
9
6
5
4
5
4
6
4
5
8
8
7
9
7
5
6
11
9
9
6
6
4
5
5
6
4
5
4
5
4
5
4
4
4
6
5
5
4
5
7
7
8
8
7
5
6
5
5
5
5
5
5
5
5
5
5
5
6
5
6
6
9
8
5
5
5
7
9
10
9
6
5
5
8
5
5
6
5
4
5
5
5
4
5
5
6
4
5
4
5
5
9
9
6
9
7
7
7
5
8
6
9
8
5
5
5
6
8
4
5
5
7
4
5
4
5
8
8
4
6
5
5
4
6
4
5
5
5
8
6
5
5
4
8
6
5
5
5
5
6
4
5
9
9
5
5
4
6
5
5
4
5
4
5
5
