15
15
15
15
15
15
15
15
15
15
15
15
15
15
15
15
15
15
15
15
15
15
15
15
15
15
15
15
15
15
15
14
15
16
16
54
15
15
53
22
47
15
29
40
16
16
54
15
15
14
14
15
15
14
15
15
15
14
14
13
14
14
14
14
14
14
13
13
13
31
51
13
14
14
13
13
13
13
13
13
13
13
12
13
13
13
12
12
12
12
12
12
11
12
12
12
12
12
13
11
11
11
11
11
11
11
13
11
11
10
10
10
10
10
10
10
10
10
10
10
10
13
9
10
9
9
9
9
9
9
8
8
8
8
8
8
8
8
7
7
7
7
7
7
7
7
7
7
7
7
7
7
7
7
7
7
7
7
7
7
7
7
7
7
6
6
6
6
6
6
6
6
6
6
6
6
6
6
6
6
6
7
6
6
7
7
6
6
6
6
7
6
6
6
9
7
7
7
7
7
7
7
7
7
7
6
6
6
7
7
7
6
6
6
6
6
6
6
6
6
6
6
6
6
6
6
6
6
6
5
5
5
5
5
5
5
5
5
5
5
5
18
5
5
6
5
5
18
5
5
5
5
5
5
5
5
6
5
9
6
5
5
6
6
13
7
5
5
5
5
5
5
5
5
5
5
5
4
5
4
5
2
2
2
2
2
2
2
