3
4
3
3
3
3
3
3
3
3
3
3
3
3
3
3
3
3
3
3
3
3
3
3
3
4
3
3
3
4
3
3
3
3
3
3
3
3
3
3
3
3
3
3
3
3
3
3
3
3
3
3
3
3
3
3
3
3
3
3
3
3
3
3
3
3
5
3
3
3
3
3
3
3
3
3
3
5
3
3
3
3
3
3
3
3
3
3
3
3
3
3
3
3
3
3
3
3
3
3
4
5
13
3
3
4
3
3
3
3
3
3
4
3
3
3
3
3
3
2
3
4
3
3
3
3
3
3
3
3
3
3
3
4
3
3
3
3
4
3
3
3
3
3
3
3
4
3
3
4
3
3
3
8
3
3
3
3
3
3
3
3
3
3
3
3
3
2
3
3
2
3
13
10
7
24
24
15
3
3
3
4
3
3
3
3
3
3
3
3
3
3
3
3
3
3
3
3
4
3
3
3
3
3
3
3
3
3
3
3
3
3
3
3
3
3
3
3
3
3
3
6
3
3
3
3
3
2
3
3
3
3
3
3
3
3
3
3
3
3
3
3
2
3
3
3
3
3
3
3
3
2
3
3
2
3
3
3
3
3
3
3
3
3
3
4
3
3
3
4
3
3
3
3
3
3
3
4
2
3
3
3
3
3
3
3
3
2
