2
2
3
3
3
2
2
2
2
2
2
2
2
2
2
3
3
2
2
2
2
2
2
2
2
2
3
5
3
2
3
2
2
2
2
2
2
2
3
3
3
2
2
2
2
2
2
2
2
2
3
3
3
2
2
2
2
2
2
2
2
2
3
3
3
2
3
2
2
2
2
3
2
10
12
13
12
29
33
33
33
33
34
34
34
34
34
32
33
33
34
33
33
34
32
34
33
34
35
34
34
34
33
34
34
34
33
33
33
33
28
16
21
17
16
21
15
21
17
15
20
22
15
21
16
20
19
17
21
22
18
19
21
11
8
6
7
7
7
8
9
9
9
9
9
8
9
9
8
8
8
11
9
9
9
9
9
10
12
12
11
9
9
9
9
9
9
9
9
9
14
13
9
10
10
10
9
10
10
10
9
10
10
9
9
10
10
9
9
9
9
9
10
9
10
9
9
9
9
9
9
9
10
9
9
10
10
9
9
10
9
9
9
10
10
10
9
9
10
11
10
9
9
10
10
9
9
9
9
9
10
9
10
10
10
9
10
10
10
10
10
10
11
10
10
10
10
10
10
10
10
11
10
10
11
10
9
10
10
10
10
10
10
10
10
10
11
11
11
11
10
10
10
10
10
10
10
10
11
10
10
10
10
9
10
9
10
15
