2
2
2
2
2
3
2
2
2
2
2
2
2
2
2
2
2
2
2
2
2
2
2
2
2
2
2
2
3
2
2
3
2
2
3
2
2
2
3
2
3
3
2
2
4
2
2
2
2
3
2
2
2
3
2
2
2
2
2
2
2
2
2
2
2
3
2
3
2
2
2
2
3
2
2
2
2
2
2
2
2
2
2
2
2
2
2
2
2
2
2
2
2
2
2
2
2
2
2
2
3
2
2
2
2
2
2
2
2
2
2
2
3
34
43
44
40
43
44
43
43
39
41
42
43
45
50
54
54
51
56
54
51
50
52
55
52
52
46
43
44
18
3
5
6
5
5
5
5
6
6
6
2
13
3
2
2
3
2
3
2
2
3
3
2
2
2
2
2
2
2
2
2
2
2
2
2
2
3
2
2
2
2
2
2
3
2
2
2
2
2
2
2
2
2
2
2
2
2
2
2
2
2
2
2
2
2
2
2
2
2
2
2
2
2
2
2
2
2
2
2
2
2
2
2
2
2
2
2
2
2
2
2
2
2
2
2
2
2
2
2
2
2
2
2
2
2
2
2
2
2
2
2
2
2
2
2
2
2
2
2
2
2
2
3
2
2
2
3
2
2
2
2
2
2
2
2
2
2
2
3
4
2
2
3
2
2
2
