4
4
3
1
1
1
1
1
2
2
1
1
1
1
1
7
2
2
1
2
2
2
2
1
1
2
1
1
1
1
1
2
1
1
2
9
1
1
2
2
4
45
28
1
1
1
3
42
27
13
1
2
3
54
23
2
1
1
3
25
47
3
1
1
3
35
15
14
4
2
2
6
2
2
1
1
3
31
10
8
2
1
3
10
1
1
1
2
3
25
12
1
2
1
3
7
1
2
1
2
2
2
1
1
1
1
2
2
2
2
1
2
1
34
33
55
42
48
70
50
53
48
75
50
44
62
65
49
41
63
36
24
22
21
6
6
9
31
36
26
30
31
31
41
49
46
50
51
51
45
45
49
41
37
35
41
24
19
24
30
32
51
26
19
19
19
11
26
18
20
16
19
14
14
15
18
15
35
54
74
56
18
33
33
33
42
35
22
53
55
54
6
1
2
1
2
2
1
1
1
1
2
1
2
1
2
2
1
2
2
2
2
1
1
2
2
2
1
1
1
1
1
1
1
2
2
2
2
2
1
1
2
2
2
1
2
1
1
2
5
4
5
4
5
4
4
5
4
5
5
5
4
4
5
5
5
5
28
27
30
28
28
25
25
33
17
18
18
18
5
5
5
5
5
5
5
4
4
5
5
5
4
4
4
4
4
4
4
