2
2
2
2
2
2
2
2
2
2
2
2
2
2
2
8
3
2
2
2
2
2
2
2
2
2
2
2
2
2
2
2
2
2
2
2
2
2
2
2
2
2
2
2
2
2
2
2
2
2
2
2
3
41
13
13
27
20
2
67
36
2
2
2
3
69
92
48
22
2
2
2
2
2
2
2
4
66
4
2
2
2
3
57
39
2
2
2
3
49
73
24
2
2
3
45
18
2
2
2
2
32
57
7
2
2
2
22
34
18
2
2
2
55
62
65
73
59
58
73
58
52
61
55
59
64
61
58
66
75
72
54
2
2
2
2
2
19
18
2
2
2
2
2
2
2
2
2
2
2
2
2
2
2
2
2
2
2
2
2
2
2
2
2
2
2
2
2
2
2
2
2
2
2
2
2
2
2
2
2
2
2
2
2
2
2
2
2
2
2
2
2
2
2
2
2
2
2
2
2
2
2
2
2
2
2
2
2
2
2
2
2
2
2
2
2
2
2
2
2
2
2
2
2
2
2
2
2
2
2
2
2
2
2
2
2
2
2
2
2
2
2
2
2
2
2
2
2
2
2
2
2
2
2
2
2
2
2
2
2
2
2
2
2
2
2
2
2
2
2
2
2
2
2
2
2
2
2
2
2
2
2
2
2
2
2
2
2
