12
11
12
11
12
19
29
29
26
11
12
13
13
11
12
12
12
13
18
11
12
11
12
11
12
11
12
11
12
14
19
11
13
12
13
12
13
12
12
12
13
14
19
12
12
11
12
11
12
11
12
11
12
14
19
11
13
12
13
13
13
12
13
12
13
15
20
12
13
12
13
12
13
11
12
11
12
15
19
11
13
12
13
12
13
11
12
11
12
14
18
11
12
11
12
11
12
11
12
11
13
14
19
12
13
12
13
13
13
12
13
12
13
15
20
12
13
12
13
12
13
12
13
12
13
14
16
11
12
11
12
11
13
11
12
11
12
14
17
17
22
20
21
20
21
20
20
19
15
19
19
12
12
17
15
12
13
12
13
11
12
13
18
13
12
12
12
12
12
12
12
11
12
13
17
11
11
11
12
12
13
12
12
12
12
15
18
11
12
11
12
12
12
11
12
11
13
14
18
11
11
11
12
13
12
12
12
11
12
15
18
12
12
12
12
12
12
12
12
11
11
14
17
11
12
12
12
11
12
11
12
12
12
15
18
11
12
11
12
12
12
11
11
11
12
14
17
11
12
11
12
13
12
11
12
12
12
21
39
38
13
12
12
11
12
11
12
12
12
15
18
11
12
12
12
12
13
12
12
12
12
15
18
12
12
12
12
11
