4
4
4
4
4
7
12
11
6
5
5
5
5
5
6
15
9
6
6
6
11
5
6
5
4
3
3
3
4
4
3
3
3
3
3
10
13
8
3
3
3
4
3
3
4
3
3
3
3
3
3
3
3
3
3
3
3
3
3
3
3
3
4
3
3
3
3
3
3
3
3
3
3
3
3
3
3
3
3
3
3
3
3
3
3
3
3
3
3
3
3
3
3
3
3
3
3
4
3
4
3
4
3
3
3
3
3
4
3
3
3
3
3
4
3
3
3
3
3
3
3
3
3
3
3
3
3
3
3
2
3
3
3
3
3
3
3
3
3
3
3
2
3
3
3
3
3
3
3
15
3
4
4
8
6
3
3
3
3
3
3
3
3
3
3
3
3
3
3
2
3
2
3
3
4
3
3
3
3
3
3
2
3
3
3
3
3
3
3
2
3
3
3
3
3
3
3
3
3
3
3
3
3
3
3
3
3
7
11
7
4
3
3
3
3
3
3
3
3
2
3
3
3
3
3
3
3
3
3
3
3
3
3
3
3
3
3
3
3
3
3
3
3
3
3
3
3
3
3
3
3
3
3
3
3
3
3
7
4
4
6
7
4
4
5
3
3
3
3
3
3
3
3
3
3
4
3
3
3
3
3
3
3
3
7
5
6
5
