48
42
48
43
47
39
63
64
53
38
40
36
44
42
46
44
47
36
46
43
51
42
50
43
50
44
48
43
49
39
46
41
48
42
47
43
50
44
49
44
49
42
44
43
52
45
49
38
47
41
45
42
46
35
40
42
46
40
47
41
51
42
47
42
46
37
41
41
46
39
46
40
47
42
47
41
47
36
40
39
45
39
45
39
44
39
42
38
41
35
37
32
42
37
42
37
43
39
43
39
43
35
37
32
43
39
49
43
54
43
49
45
50
37
40
38
46
38
45
39
47
41
45
41
45
33
42
38
44
38
44
38
46
40
45
41
45
36
41
40
45
38
46
42
49
44
49
43
47
53
47
43
49
53
52
42
49
44
45
41
47
36
42
41
45
41
44
38
42
39
41
37
42
34
41
37
39
36
42
38
41
36
41
41
42
34
39
39
41
36
44
39
42
39
42
39
44
35
38
41
45
40
44
42
47
42
44
42
44
36
38
40
45
40
45
41
44
41
44
37
41
35
37
39
44
40
44
41
45
42
43
42
43
35
38
38
44
39
44
41
45
41
45
41
44
35
39
40
45
39
45
42
48
42
45
41
44
42
44
38
39
41
48
43
47
42
46
42
45
36
40
40
45
41
46
41
46
42
46
43
44
36
39
41
45
41
45
42
