3
4
3
4
3
10
12
37
42
4
3
6
3
3
3
3
3
3
3
3
3
3
3
3
4
3
4
3
3
4
3
4
3
3
3
4
4
4
3
3
3
4
3
3
3
3
3
3
3
3
3
3
3
3
3
4
3
3
3
6
3
3
3
3
3
3
3
3
3
3
3
4
3
3
3
3
3
3
3
3
3
3
3
4
3
3
3
3
3
3
3
3
3
3
3
3
3
3
4
4
4
3
3
3
3
3
4
6
3
4
3
3
3
3
3
3
3
3
3
3
3
3
3
3
3
3
3
3
3
3
3
3
3
3
3
3
3
3
3
8
3
3
3
4
3
3
3
3
3
29
3
3
3
3
3
6
3
4
3
3
3
3
3
3
3
3
3
4
3
3
3
3
3
4
3
3
3
3
3
4
4
4
3
4
3
4
3
4
3
3
3
4
3
3
3
3
3
4
3
4
3
4
3
6
3
4
3
3
3
4
3
3
3
3
3
3
3
3
3
3
3
4
3
4
3
4
3
4
4
4
4
3
3
4
3
3
3
3
3
4
3
3
3
3
3
4
3
4
4
4
3
6
3
4
3
4
3
14
10
35
47
4
3
4
3
3
3
3
3
4
3
4
3
4
3
4
3
3
3
3
3
4
3
3
3
3
3
3
