7
8
8
9
7
8
9
10
9
8
8
8
8
7
8
8
8
8
8
9
8
8
8
8
8
9
8
9
12
37
30
32
29
19
29
30
30
31
20
32
29
32
28
30
35
30
37
32
31
32
32
31
31
34
30
30
30
31
32
32
29
30
30
32
32
30
32
31
31
32
29
32
31
31
31
30
29
33
31
31
32
31
31
32
29
31
31
30
29
31
30
30
29
29
29
31
32
29
30
29
31
18
9
8
8
8
11
41
10
9
8
8
8
11
15
10
11
11
10
11
10
11
10
11
11
12
11
10
9
12
44
39
36
35
34
35
24
10
10
9
9
9
9
9
8
7
8
8
8
12
9
8
9
10
8
10
9
10
8
9
9
9
9
8
10
9
9
8
8
9
8
8
8
14
16
8
8
8
9
8
8
8
8
8
9
9
10
8
8
8
8
10
8
8
9
7
7
8
8
8
8
7
7
8
9
8
7
8
8
9
8
8
7
9
9
8
8
8
8
9
8
8
8
8
8
9
8
9
8
8
8
8
8
8
8
8
16
9
7
8
9
8
8
8
8
8
9
8
8
8
8
8
8
8
8
9
8
10
10
11
9
9
8
9
9
8
8
8
9
8
8
8
8
8
8
8
8
8
8
9
8
9
9
10
8
8
8
8
