14
12
14
12
14
13
17
13
15
13
14
13
15
13
15
13
14
13
14
13
13
13
14
13
13
12
14
12
13
13
14
12
14
13
13
12
13
12
13
12
14
12
15
13
13
13
15
14
14
13
15
15
14
13
14
13
15
13
15
13
14
13
15
13
15
14
15
12
16
13
15
13
15
13
14
14
16
13
15
13
17
13
14
13
16
13
16
13
15
13
16
13
16
14
14
13
15
13
16
14
16
12
14
13
15
15
15
14
15
13
16
14
16
13
16
14
15
13
15
14
14
13
14
13
14
12
13
13
16
13
15
13
15
13
16
14
16
13
15
14
17
13
16
14
16
14
15
14
16
13
16
13
16
13
15
14
16
13
15
14
15
13
16
14
14
14
14
14
12
13
12
13
14
14
14
14
13
14
13
14
14
14
14
14
13
13
12
14
13
14
14
14
14
14
14
14
15
14
14
14
14
15
15
15
14
15
15
15
14
15
15
15
14
14
15
15
14
14
15
14
13
14
14
14
14
14
14
14
14
14
15
14
14
15
15
14
13
15
15
14
13
14
14
14
14
14
14
13
13
14
13
14
14
15
15
14
14
14
13
14
13
14
15
14
14
15
14
14
14
14
14
15
14
14
14
15
13
15
15
15
15
14
14
14
14
13
13
14
