18
18
18
18
18
18
18
19
18
18
17
17
17
17
17
17
17
17
17
17
17
16
17
17
17
17
17
17
18
17
17
17
18
17
17
17
17
17
17
17
17
17
17
17
17
17
17
17
17
17
17
17
17
17
17
17
17
17
17
17
17
17
17
17
17
18
17
18
17
17
17
17
17
17
17
17
17
17
17
17
17
17
17
17
17
17
16
17
17
17
17
16
16
16
16
16
17
17
17
16
17
17
16
16
16
16
16
16
16
16
16
16
16
16
16
16
16
16
18
29
30
30
30
30
30
30
30
30
30
30
30
30
30
30
30
30
30
30
30
30
30
30
30
30
30
30
29
29
30
30
30
30
30
30
30
29
30
30
30
30
30
30
30
30
30
30
29
28
21
16
16
16
16
16
16
16
16
16
16
16
16
16
16
16
16
16
17
17
17
16
17
17
17
17
17
18
17
17
18
18
18
19
18
18
18
18
18
17
17
17
17
18
18
18
18
18
18
18
18
18
17
18
18
21
18
19
18
18
17
18
18
18
17
18
18
19
18
18
19
17
17
18
18
18
17
18
17
17
17
17
17
17
17
17
17
18
17
18
17
17
17
17
19
18
18
18
17
18
19
19
19
19
18
19
19
18
19
18
18
19
19
19
17
17
18
18
18
18
