15
15
15
15
15
5
17
10
17
16
28
39
1
62
45
51
32
65
21
34
71
57
21
7
41
77
7
82
1
1
1
1
1
3
1
0
1
1
1
1
3
1
3
1
1
1
1
1
1
1
1
1
1
1
1
1
1
1
1
1
1
1
1
1
23
53
83
82
81
82
97
100
101
101
102
100
102
101
101
102
100
102
101
101
101
85
102
100
102
101
101
102
100
102
101
101
101
97
101
100
102
94
98
101
97
97
99
100
102
100
101
101
100
102
100
102
101
101
102
100
102
100
101
102
100
102
100
102
102
101
102
101
101
102
100
102
101
102
102
101
102
101
101
102
100
102
101
101
102
100
102
100
101
102
100
102
101
101
102
100
102
101
102
102
101
102
101
101
102
101
102
101
102
101
101
102
101
101
101
101
102
101
102
101
100
102
101
102
102
101
102
95
80
80
80
80
79
79
78
79
95
102
100
101
101
89
78
80
78
97
101
99
101
100
97
98
101
101
100
101
100
101
102
101
101
100
99
98
101
100
101
101
101
100
100
100
97
103
101
98
100
95
99
97
96
98
101
99
101
101
100
102
101
98
102
101
101
100
99
98
101
101
101
101
100
102
101
102
101
101
102
100
101
101
90
78
77
76
76
77
76
77
76
77
76
76
80
81
