0
2
1
1
0
0
18
9
20
25
25
28
1
71
53
67
51
36
17
40
93
70
20
7
37
94
2
75
1
0
0
0
0
3
0
0
0
0
0
0
0
0
0
0
0
0
0
0
0
0
0
0
0
0
0
0
0
0
0
0
0
0
0
0
13
64
96
94
96
98
100
101
102
101
102
102
102
102
101
102
102
102
102
102
102
102
102
102
102
103
102
102
102
102
102
102
102
102
102
102
102
102
99
102
93
92
91
98
97
100
103
103
103
103
103
103
103
103
103
103
103
103
103
103
103
103
103
103
103
103
103
103
103
103
103
104
103
103
103
103
104
104
103
103
103
104
104
103
104
103
103
103
103
103
103
104
103
103
103
103
103
103
103
103
103
103
103
103
103
103
103
103
103
103
103
104
103
103
103
103
104
103
103
103
103
104
103
103
103
103
104
92
78
78
78
77
71
75
75
76
92
101
102
102
102
102
101
103
101
101
102
101
102
101
102
102
101
91
87
100
103
101
103
103
101
103
102
102
103
100
103
102
102
103
101
102
102
101
103
102
102
102
101
103
102
101
103
102
102
103
101
102
103
101
103
102
101
103
102
103
102
101
103
102
101
101
100
97
103
101
103
103
101
103
89
79
81
77
77
78
77
76
77
79
79
74
76
79
