0
0
0
0
15
5
20
19
19
37
0
65
49
75
37
55
18
27
80
54
3
0
13
61
4
58
1
1
1
1
1
1
0
0
0
0
0
0
0
0
0
0
0
0
0
0
0
0
0
0
0
0
0
0
0
0
0
0
0
0
0
0
23
61
94
88
80
80
85
93
82
81
81
81
81
86
104
97
81
80
83
83
84
96
95
94
103
102
97
94
91
93
91
95
102
103
97
95
94
94
94
93
98
95
104
98
101
94
98
104
104
104
104
104
105
104
104
105
104
104
104
104
104
104
105
104
104
105
104
105
104
105
104
104
104
104
105
104
104
104
104
105
104
105
104
104
104
104
104
104
105
105
105
105
104
105
105
105
105
104
105
104
104
105
104
104
105
104
104
104
104
104
104
104
104
105
104
104
104
105
104
105
105
104
105
104
104
105
104
101
100
99
100
102
98
100
101
96
101
104
104
105
104
104
104
104
100
103
104
104
104
104
104
104
104
104
104
104
104
104
104
104
104
104
104
104
104
104
105
104
104
104
104
104
104
105
104
104
104
104
104
104
104
104
104
104
104
104
104
104
104
104
104
104
104
104
104
104
104
104
104
104
104
104
104
104
104
104
104
104
104
104
98
98
97
93
100
101
99
101
100
102
100
103
96
97
98
99
