15
15
15
15
15
33
20
33
47
30
39
16
73
57
76
50
59
29
57
97
65
1
1
14
59
1
58
1
1
1
1
1
1
1
1
1
1
1
1
1
0
0
0
0
0
0
0
0
0
0
0
0
0
0
0
0
0
0
0
0
0
0
0
22
47
87
95
94
88
89
94
96
97
96
96
96
96
96
96
97
96
97
77
73
87
86
94
88
91
92
87
96
90
94
94
90
97
88
97
93
90
97
89
95
95
88
97
91
91
97
89
96
94
89
98
89
96
95
90
97
90
95
96
89
98
91
95
96
90
98
92
95
94
90
98
88
97
95
91
98
89
96
95
89
98
91
95
96
88
98
91
94
96
90
98
89
96
96
88
98
91
94
96
88
98
92
93
96
89
98
89
95
95
88
97
89
96
94
88
96
88
96
92
90
96
86
97
92
90
96
88
98
93
91
96
89
95
96
86
97
93
88
97
98
99
95
88
97
91
93
95
88
96
91
91
95
87
97
90
93
94
87
96
90
93
94
87
96
88
94
94
88
96
89
94
95
88
97
89
93
95
87
97
94
90
97
90
95
94
90
97
88
96
93
90
97
86
97
91
93
96
89
97
91
93
95
90
97
88
95
92
90
95
89
97
90
92
96
87
97
89
96
93
91
96
88
97
93
