96
96
96
96
96
87
88
88
72
73
63
63
43
80
63
73
25
44
33
59
92
73
15
15
27
80
17
78
15
15
15
15
15
15
15
15
15
15
15
11
1
1
0
0
0
0
0
0
0
0
0
0
0
0
0
0
0
0
0
0
0
0
0
0
26
46
74
96
96
96
96
96
96
96
96
96
96
96
96
96
96
96
96
96
96
96
96
96
96
96
96
96
96
96
96
96
96
96
96
97
97
97
97
97
98
97
98
97
93
96
99
99
99
99
99
99
99
99
99
99
99
99
99
99
99
99
100
100
101
101
101
101
101
101
101
101
101
102
102
103
103
103
104
104
104
104
104
104
104
104
104
104
103
104
104
104
104
104
104
104
104
104
104
104
104
104
104
104
104
104
104
104
104
104
104
104
104
104
104
104
104
104
104
104
104
104
104
104
104
104
104
103
103
104
104
104
103
103
104
104
103
104
104
104
104
104
104
104
103
104
103
104
104
104
104
104
104
104
104
104
104
104
104
104
104
104
104
103
104
104
103
104
104
104
104
104
104
104
104
103
104
104
104
104
104
103
103
104
104
104
104
104
104
104
103
104
104
104
104
104
104
104
104
104
103
104
104
103
104
104
104
104
103
104
99
88
94
87
100
103
99
92
91
91
87
97
90
92
