104
104
104
104
104
104
104
104
104
104
99
77
87
80
87
60
58
46
63
89
77
18
15
26
87
17
89
18
15
15
15
15
15
15
15
15
15
15
15
15
15
15
15
15
15
15
10
1
1
1
1
1
1
1
1
0
0
0
0
0
0
0
0
21
54
84
94
102
103
100
101
104
104
88
80
81
83
85
97
103
103
100
90
83
82
82
82
97
104
104
104
104
104
104
104
104
104
104
104
104
104
104
104
104
83
83
100
100
100
102
103
103
103
103
103
103
104
103
104
104
104
104
104
104
103
104
104
104
104
104
103
104
104
104
104
104
104
103
104
104
104
104
104
104
104
104
104
104
104
104
104
104
104
104
103
103
103
103
104
104
104
104
104
103
103
104
104
104
104
103
104
104
104
103
104
103
103
103
103
103
103
104
104
104
104
104
103
103
104
104
91
82
82
82
82
82
82
82
83
100
104
104
104
104
104
104
103
85
101
104
104
103
104
104
97
81
82
88
104
104
104
104
104
104
104
104
104
104
104
104
104
104
104
104
104
104
104
104
104
104
104
104
105
104
104
104
104
104
104
104
104
104
104
104
104
104
104
104
104
104
104
104
104
104
104
104
104
104
104
104
104
104
104
100
104
104
104
92
81
81
81
82
100
104
104
104
104
104
