96
96
96
87
86
88
80
79
79
81
77
42
75
61
74
27
46
29
58
92
71
15
15
24
83
8
85
2
0
0
0
0
0
0
0
0
0
0
0
0
0
0
0
0
0
0
0
0
0
0
0
0
0
0
0
0
0
0
0
0
1
1
0
22
56
88
92
95
95
96
95
90
86
90
85
90
92
95
95
95
93
90
86
89
88
90
96
90
93
96
95
95
92
93
92
94
91
94
91
93
95
95
96
93
95
94
98
97
95
96
96
96
96
96
96
96
96
96
96
96
96
96
96
96
96
96
96
96
96
96
96
96
96
96
96
96
96
96
96
96
96
96
96
96
96
96
96
96
96
96
96
96
96
96
96
96
96
96
96
96
96
96
96
96
96
96
96
96
96
96
96
96
96
96
96
96
96
96
96
96
96
96
96
96
96
96
96
96
96
96
89
74
78
78
78
76
78
77
79
92
96
96
96
96
96
96
96
97
95
96
96
96
96
96
96
96
96
96
96
96
96
96
96
96
96
96
96
96
96
96
96
96
96
96
96
96
96
97
97
97
97
97
97
97
97
97
97
97
97
97
97
98
98
98
99
99
99
99
99
99
99
99
99
99
98
99
97
101
102
102
102
103
103
98
99
94
100
88
84
89
96
101
100
103
92
100
97
100
