1
1
1
1
1
15
5
18
34
22
37
1
72
54
69
53
80
24
37
90
63
0
1
13
78
4
83
1
1
1
1
1
1
1
1
1
1
1
1
1
1
1
1
2
1
0
0
0
0
0
0
0
0
0
0
0
0
0
0
0
0
0
0
22
58
100
100
101
99
101
100
100
100
99
101
100
100
101
100
101
100
101
100
100
101
99
101
100
100
101
100
101
100
101
100
100
101
99
100
100
100
101
100
101
101
100
101
100
101
101
100
101
99
101
100
101
101
100
101
99
101
100
100
101
100
101
100
101
100
100
101
99
101
100
100
101
100
101
99
100
100
99
100
99
101
100
100
99
99
101
99
100
100
99
101
99
101
99
100
100
99
101
99
101
100
100
100
99
101
99
101
100
100
100
100
101
99
101
100
99
99
99
101
99
101
100
100
101
99
101
99
101
100
99
100
98
100
100
100
101
99
101
99
101
100
100
100
99
101
99
101
100
100
101
99
100
100
100
100
100
101
99
101
100
100
101
99
101
100
101
100
100
100
99
101
99
100
100
100
100
99
100
99
100
100
99
101
99
100
100
100
100
99
100
100
100
100
99
101
99
100
100
100
100
99
101
99
101
100
100
100
99
101
99
100
100
99
100
99
100
100
100
101
99
101
100
100
101
