15
15
15
15
15
15
25
22
26
29
22
32
0
69
51
67
41
74
23
51
80
60
0
0
13
75
3
79
1
0
0
0
0
0
0
0
0
0
0
0
0
0
0
0
0
0
0
0
0
0
0
0
0
0
0
0
0
0
0
0
0
0
0
0
24
59
96
97
102
102
101
93
98
100
101
104
100
102
102
102
101
101
103
103
100
102
103
94
103
99
104
102
101
100
101
104
101
101
102
104
102
102
102
99
96
97
91
92
91
97
104
104
102
104
104
104
104
104
104
104
103
104
104
104
104
104
104
104
104
104
104
104
103
104
104
104
104
104
104
104
104
104
104
104
104
104
104
104
103
104
104
104
104
103
104
104
104
104
104
104
104
104
104
104
104
104
104
104
103
104
104
103
104
103
104
104
104
104
104
104
104
104
104
104
104
104
104
104
103
104
104
93
83
104
104
104
104
104
104
104
102
104
104
104
104
104
104
104
104
104
104
102
104
104
104
104
104
100
104
105
104
105
105
105
105
105
105
105
105
105
105
105
104
105
105
105
105
103
105
105
104
105
105
105
105
105
104
105
105
105
105
105
105
105
105
105
105
105
104
105
105
105
104
105
104
105
105
105
105
105
105
104
105
105
105
104
104
105
105
104
105
104
105
105
104
105
103
105
