103
103
103
103
103
101
98
95
86
52
36
15
7
0
14
103
103
103
103
103
103
103
103
103
103
103
103
103
103
103
103
104
103
104
104
103
103
103
103
103
103
104
103
103
104
103
103
104
103
103
104
104
103
103
103
103
103
103
103
103
103
104
103
103
103
103
103
97
97
88
86
86
86
77
72
90
103
49
29
33
83
35
17
15
15
15
5
0
0
1
0
0
0
0
0
0
0
0
0
0
0
0
0
0
0
0
0
0
0
0
0
0
0
0
0
0
0
0
0
0
0
0
0
0
0
0
0
0
0
0
0
0
0
0
0
0
0
0
0
0
0
0
0
0
0
0
0
0
0
0
0
0
0
0
0
0
0
0
0
0
0
0
0
0
0
0
0
0
0
0
0
0
0
0
0
0
0
0
0
0
0
0
0
0
0
0
0
0
0
0
0
0
0
0
0
0
0
0
0
0
0
0
0
0
0
0
4
2
1
0
0
0
30
61
3
1
53
30
0
0
0
0
0
0
65
36
3
0
1
0
0
0
0
0
0
0
0
0
1
1
1
0
0
0
0
0
0
0
0
0
0
0
0
0
0
0
0
0
0
0
0
0
0
0
0
0
0
0
0
0
0
0
0
0
0
0
0
0
0
0
0
0
0
0
0
0
0
0
