104
104
104
99
87
86
91
42
16
15
15
15
15
15
25
104
104
100
99
100
99
98
101
103
104
103
99
98
98
98
98
98
98
98
98
98
102
104
104
100
99
104
104
104
98
98
98
98
100
104
104
104
104
104
104
104
104
104
104
104
102
76
59
58
58
58
53
44
44
22
5
15
15
5
1
84
101
35
0
5
81
4
0
0
0
0
0
0
0
0
0
0
0
0
0
0
0
0
7
0
0
0
0
0
0
0
0
0
0
0
0
0
0
0
0
0
0
0
0
0
0
0
0
0
0
0
0
0
0
0
0
0
0
0
0
0
0
0
0
0
0
0
0
0
0
0
0
0
0
0
0
0
0
0
0
1
0
0
0
0
0
0
0
0
0
0
0
0
0
0
0
0
0
0
0
0
0
0
0
0
0
0
0
0
0
0
0
0
0
0
0
0
0
0
0
0
0
0
0
0
0
0
0
0
0
0
0
0
0
0
0
0
39
52
0
0
71
25
0
0
0
0
0
0
51
20
0
0
0
0
0
0
0
0
0
0
0
0
0
0
0
0
0
0
0
0
0
0
0
0
0
0
0
0
0
0
0
0
0
0
0
0
0
0
0
0
0
0
0
0
0
0
0
0
0
0
0
1
0
0
0
0
0
0
0
0
0
0
