102
102
102
97
97
97
97
97
65
32
21
15
15
15
15
29
82
71
36
57
46
21
48
102
102
102
102
103
102
102
100
101
101
100
102
101
100
101
100
99
96
96
96
96
96
96
96
96
98
101
101
100
101
101
101
101
96
100
101
101
101
101
101
98
96
96
96
96
96
87
84
84
84
84
84
94
100
83
41
33
94
44
17
4
0
1
0
0
0
0
0
0
1
1
0
1
1
1
1
1
1
1
1
1
1
1
1
1
1
1
1
1
1
1
1
1
1
1
1
1
1
1
1
1
1
1
1
1
1
1
1
1
1
1
1
1
1
1
1
1
1
1
1
1
1
1
1
1
1
1
1
1
1
1
1
1
1
1
1
1
1
1
1
1
1
1
1
1
1
1
1
1
1
1
1
1
1
1
1
1
1
1
1
1
1
1
1
1
1
1
1
1
1
1
1
1
1
1
1
1
1
1
1
1
1
1
1
1
1
1
1
1
37
61
8
1
77
45
26
5
0
1
0
0
34
42
15
1
0
0
0
0
0
1
0
1
1
1
1
1
1
1
1
1
1
1
1
1
1
1
1
1
1
1
1
1
1
1
1
1
1
1
1
1
1
1
1
1
1
1
1
1
1
1
1
1
1
1
1
1
1
1
1
1
1
1
1
1
