94
96
97
101
103
93
98
90
37
5
0
0
0
0
13
103
102
101
103
103
103
103
103
103
93
98
103
101
100
103
103
103
104
103
103
103
103
103
103
103
103
103
103
103
103
104
103
104
104
103
103
100
104
100
101
100
91
96
99
103
92
97
97
97
97
98
97
97
98
98
71
39
29
29
24
87
101
47
15
19
81
30
10
0
0
0
0
1
0
1
0
0
0
0
0
0
0
0
8
0
0
0
0
0
0
0
0
0
0
0
0
0
0
0
0
0
0
0
0
0
0
0
0
0
0
0
0
0
0
0
0
0
0
0
0
0
0
0
0
0
0
0
0
0
0
0
0
0
0
0
0
0
0
0
0
0
0
0
0
0
0
0
0
0
0
0
0
0
0
0
0
0
0
0
0
0
0
0
0
0
0
0
0
0
0
0
0
0
0
0
0
0
0
0
0
0
0
0
0
0
0
0
0
0
0
0
0
0
0
0
0
0
37
67
1
1
65
24
0
0
0
1
0
0
40
24
0
0
0
0
0
0
0
1
0
0
0
0
0
0
0
0
0
0
0
0
0
0
0
0
0
0
0
0
0
0
0
0
0
0
0
0
0
0
0
0
0
1
0
0
0
0
0
0
0
0
0
0
0
0
0
0
0
0
0
1
0
0
