102
98
83
72
57
52
55
37
15
3
0
0
0
1
0
15
56
67
44
85
48
16
37
88
98
100
97
96
96
96
96
96
96
96
96
96
96
96
96
90
71
77
85
94
92
98
98
97
95
97
97
97
99
101
102
103
103
74
73
86
93
89
98
93
95
96
96
96
96
96
96
96
96
96
96
96
96
96
96
96
96
92
74
58
50
26
15
15
15
15
15
15
15
15
6
0
0
0
0
0
0
0
0
0
0
0
0
0
0
0
0
0
0
0
0
0
0
0
0
0
0
0
0
0
0
0
0
0
0
0
0
0
0
0
0
0
0
0
0
0
0
0
0
0
0
0
0
0
0
0
0
0
0
0
0
0
0
0
0
0
0
0
0
0
0
0
0
0
0
0
0
0
0
0
0
0
0
0
0
0
0
0
0
0
0
0
0
0
0
0
0
0
0
1
0
0
0
0
0
0
0
0
0
0
0
0
0
0
0
0
0
0
48
65
16
6
76
24
0
0
0
0
0
0
47
9
0
0
1
0
0
0
1
1
0
0
0
0
0
0
1
0
0
0
0
0
0
0
0
0
0
0
0
0
0
0
0
0
0
0
0
0
0
0
0
0
0
0
0
0
0
0
0
0
0
0
0
0
0
0
0
0
0
0
0
0
0
0
