72
72
72
73
72
76
72
72
76
76
80
88
89
79
62
83
62
57
68
61
40
57
104
104
105
84
76
89
92
93
96
98
98
99
98
77
76
84
90
85
96
96
84
87
88
86
86
82
79
84
100
100
100
100
100
92
96
96
86
97
99
100
100
95
84
81
87
87
82
81
84
85
85
85
91
96
89
85
83
81
58
53
30
29
20
7
0
0
0
0
0
1
0
0
0
0
0
0
0
0
0
0
0
0
0
0
0
0
0
0
0
1
0
0
0
0
0
0
0
0
0
0
0
0
0
0
0
0
0
0
0
0
0
0
0
0
0
0
0
0
0
0
0
0
0
0
0
0
0
0
0
0
0
0
0
0
0
0
0
0
0
0
0
0
0
0
0
0
0
0
0
0
0
0
0
0
0
0
0
0
0
0
0
0
0
0
0
0
0
0
0
0
0
0
0
0
0
0
0
0
0
0
0
0
0
0
1
0
0
0
0
39
63
15
2
69
5
0
0
0
0
0
0
43
21
0
0
0
0
0
0
0
0
0
0
1
0
0
0
0
0
0
0
0
0
0
0
0
0
0
0
0
0
0
0
0
0
0
0
0
0
0
0
0
0
0
0
0
0
0
0
0
0
0
0
0
0
0
0
0
0
0
0
0
0
0
0
0
