101
102
97
79
67
45
99
101
45
1
1
1
1
1
7
102
97
103
104
104
104
104
83
103
103
104
104
104
104
104
103
103
103
103
103
104
94
104
104
104
104
104
104
103
103
102
102
102
85
102
103
103
103
103
104
104
104
104
103
104
104
103
103
104
104
103
104
103
97
87
74
70
70
62
43
86
102
72
52
36
63
14
0
1
0
0
0
0
0
0
0
0
0
0
0
0
0
0
7
0
0
0
0
0
0
0
0
0
0
0
0
0
0
0
0
0
0
0
0
0
0
0
0
0
0
0
0
0
0
0
0
0
0
0
0
0
0
0
0
0
0
0
0
0
0
0
0
0
0
0
0
0
0
0
0
0
0
0
0
0
0
0
0
0
0
0
0
0
0
0
0
0
0
0
0
0
0
0
0
0
0
1
0
0
0
0
0
0
0
0
0
0
0
0
0
0
0
0
0
0
0
0
0
0
0
0
0
0
0
0
0
0
30
66
14
1
77
32
0
0
0
0
0
0
37
18
0
0
0
0
0
0
0
0
0
0
0
0
0
0
0
0
0
0
0
0
0
0
0
0
0
0
0
0
0
0
0
0
0
0
0
0
0
1
0
0
0
0
0
0
0
0
0
0
0
0
0
0
0
0
0
0
0
0
0
0
0
0
