102
101
102
103
101
101
76
60
49
44
43
40
29
29
43
92
63
51
52
38
29
56
101
102
100
96
96
96
96
97
96
96
85
85
84
96
102
101
102
101
96
96
92
84
84
84
84
91
102
100
102
102
100
102
102
100
102
102
100
102
102
101
102
102
101
101
97
89
85
85
85
40
24
9
63
83
44
15
15
57
27
1
1
1
1
1
1
1
1
1
1
1
1
1
1
1
1
1
1
1
1
1
1
1
1
1
1
1
1
1
1
1
1
1
1
1
1
1
1
1
1
1
1
1
1
1
1
1
1
1
1
1
1
1
1
1
1
1
1
1
1
1
1
1
1
1
1
1
1
1
1
1
1
1
1
1
1
1
1
1
1
1
1
1
1
1
1
1
1
1
1
1
1
1
1
1
1
1
1
1
1
1
1
1
1
1
1
1
1
1
1
1
1
1
1
1
1
1
1
1
1
1
1
1
1
1
1
1
1
1
1
25
66
23
7
48
36
16
4
1
1
1
0
42
26
1
1
0
1
1
1
0
1
1
1
1
1
1
1
1
1
1
1
1
1
1
1
1
1
1
1
1
1
1
1
1
1
1
1
1
1
1
1
1
1
1
1
1
1
1
1
1
1
1
1
1
1
1
1
1
1
1
1
1
1
1
1
1
