96
96
96
96
94
85
78
74
68
58
58
58
58
58
58
60
74
71
70
64
77
57
67
85
86
85
90
97
99
99
97
98
99
97
93
100
99
94
96
99
94
93
87
87
84
86
86
78
83
99
98
90
96
99
93
89
82
92
93
94
99
87
75
60
57
57
56
55
57
57
57
57
57
57
57
83
90
81
59
59
83
42
29
29
24
15
15
15
14
1
1
1
1
1
1
1
1
1
1
1
1
2
2
1
1
1
1
1
1
1
1
1
1
1
1
1
1
1
1
1
1
1
1
1
1
1
1
1
1
1
1
1
1
1
1
1
1
1
1
1
1
1
1
1
1
1
1
1
1
1
1
1
1
1
1
1
1
1
1
1
1
1
1
1
1
1
1
1
1
1
0
0
1
1
1
1
0
0
1
0
0
0
0
1
0
0
1
0
1
0
0
0
0
0
0
0
0
0
1
0
0
0
0
1
0
0
0
0
0
1
1
0
25
68
9
0
45
8
1
1
1
1
1
1
37
43
11
1
1
1
1
1
1
1
1
1
1
1
1
1
1
1
1
1
1
1
1
1
1
1
1
1
1
1
1
1
1
1
1
1
0
1
1
0
0
0
0
0
0
0
1
1
0
0
0
0
0
0
0
0
0
0
1
0
0
0
0
0
