102
102
102
102
99
68
47
36
36
18
16
15
15
15
5
14
67
64
49
44
37
15
27
72
72
72
72
72
72
72
72
72
72
72
72
72
72
72
73
72
72
73
83
101
102
103
103
103
103
103
103
103
103
103
103
103
103
103
103
103
103
103
101
101
103
103
103
103
103
103
102
98
98
90
86
97
104
91
61
60
87
47
29
21
15
15
8
0
0
0
0
0
0
0
0
0
0
0
0
0
0
0
0
0
0
0
0
0
0
0
0
0
0
0
0
0
0
0
0
0
0
0
0
0
0
0
0
0
0
0
0
0
0
0
0
0
0
0
0
0
0
0
0
0
0
0
0
0
0
0
0
0
0
0
0
0
0
0
0
0
0
0
0
0
0
0
0
1
0
0
0
0
0
0
0
0
0
0
0
0
0
0
0
0
0
0
0
0
0
0
0
0
0
0
0
0
0
0
0
0
0
0
0
0
0
0
0
0
0
0
0
0
29
59
14
0
77
47
11
0
0
0
0
0
34
31
0
0
0
0
0
0
0
0
0
0
0
0
0
0
0
0
0
0
0
0
0
0
0
0
0
0
0
0
0
0
0
0
0
0
0
0
0
0
0
0
0
0
0
1
0
0
0
0
0
0
0
0
0
0
0
0
0
0
0
0
0
0
