103
103
103
100
87
58
94
45
11
0
0
0
0
0
14
102
101
100
102
101
99
102
101
99
102
101
100
100
102
101
100
101
102
101
99
102
101
100
101
102
100
100
94
73
73
73
74
73
72
71
71
71
72
72
72
72
74
73
72
72
72
73
73
84
101
100
102
100
101
101
101
101
100
102
100
102
101
101
90
86
93
80
71
59
57
47
28
15
1
1
0
0
0
0
1
0
0
0
7
0
0
0
0
0
0
0
0
0
0
0
0
0
0
0
0
0
0
0
0
0
0
0
0
0
0
0
0
0
0
0
0
0
0
0
0
0
0
0
0
0
0
0
0
0
0
0
0
0
0
0
0
0
0
0
0
0
0
0
0
0
0
0
0
0
0
0
0
0
0
0
0
0
0
0
0
0
0
0
0
0
0
0
0
0
0
0
0
0
0
0
0
0
0
0
0
0
0
0
0
0
0
0
0
0
0
0
0
0
0
0
0
0
30
57
1
1
69
18
15
2
1
1
1
1
40
26
1
1
1
1
1
1
1
1
1
1
1
1
1
0
0
0
0
0
0
0
0
0
0
0
0
0
0
0
0
0
0
0
0
0
0
0
1
0
0
0
0
0
0
0
0
0
0
0
0
0
0
0
0
0
0
1
0
0
0
0
0
0
