94
95
95
94
95
95
94
94
95
88
64
33
20
0
1
17
76
75
19
1
0
0
33
94
94
94
95
95
95
94
94
94
94
94
94
95
94
94
95
94
94
95
94
95
95
94
94
94
94
95
94
94
95
94
95
95
94
95
94
94
94
94
95
94
94
94
95
95
95
95
94
94
95
95
94
95
89
84
85
82
68
58
44
28
28
29
24
6
0
0
1
0
1
1
1
1
1
1
1
1
1
1
1
1
1
1
1
1
1
1
1
1
1
1
1
1
1
1
1
1
1
1
1
1
1
1
1
1
1
1
1
1
1
1
1
1
1
1
1
1
1
1
1
1
1
1
1
1
1
1
1
1
1
1
1
1
1
1
1
1
1
1
1
1
1
1
1
1
1
1
1
1
1
1
1
1
1
1
1
1
1
1
1
1
1
1
1
1
1
1
1
1
1
1
1
1
1
1
1
1
1
1
1
1
1
1
1
1
1
1
1
1
1
1
1
1
1
1
1
1
1
1
1
1
1
1
1
1
1
1
1
1
1
1
1
1
1
1
1
1
1
1
1
1
1
1
1
1
1
1
1
1
1
1
1
1
1
1
1
1
1
1
1
1
1
1
1
1
1
1
1
1
1
1
1
1
1
1
1
1
1
1
1
1
1
1
1
1
