96
96
96
96
96
96
86
83
74
52
43
36
16
12
96
96
96
96
96
97
100
92
99
98
100
99
100
99
99
99
99
99
98
99
98
100
98
100
98
100
99
99
100
99
99
99
100
98
99
98
100
99
99
99
99
98
98
99
98
100
98
100
89
100
103
103
102
102
102
102
95
95
95
95
101
101
62
57
58
89
71
57
57
50
42
42
32
11
1
1
1
1
1
1
1
1
1
1
0
0
0
0
0
0
0
0
0
1
0
0
0
0
0
0
0
0
0
0
0
0
0
0
0
0
0
0
0
0
0
0
0
0
0
0
0
0
0
1
0
0
0
0
0
0
0
0
0
0
0
0
0
0
0
0
0
0
0
0
0
0
0
0
0
0
0
0
0
0
0
0
0
0
0
0
0
0
0
0
0
0
0
0
0
0
0
0
0
0
0
0
0
0
0
0
0
0
0
0
0
0
0
0
0
0
0
0
0
0
0
0
0
34
67
1
0
65
15
0
0
0
0
0
0
47
30
2
0
0
0
0
0
0
0
0
0
0
0
0
0
0
0
0
0
0
0
0
0
0
0
0
0
0
0
0
0
0
0
0
0
0
0
0
0
0
0
0
0
0
0
0
0
0
0
0
0
0
0
0
0
0
0
0
0
0
0
0
0
0
