6
9
9
15
48
10
8
8
5
5
8
7
8
12
11
6
5
6
6
6
5
7
6
6
14
13
6
12
48
7
7
5
9
7
6
7
11
6
5
12
7
7
5
14
12
12
5
7
6
8
5
7
7
5
5
5
5
5
8
5
6
8
4
5
4
10
6
7
8
6
7
7
8
9
7
6
6
7
9
6
8
9
6
6
6
6
5
7
6
7
8
6
5
5
7
5
5
6
5
5
5
8
6
6
8
5
7
5
7
7
6
13
10
6
8
6
7
7
5
5
7
7
5
6
7
5
5
7
6
5
5
5
5
8
7
5
6
8
5
6
5
5
6
5
7
6
5
7
6
6
6
5
7
8
7
5
7
11
6
5
8
6
5
7
8
5
8
6
5
6
6
5
8
5
5
6
8
5
5
5
5
6
5
5
6
6
5
6
5
5
7
6
6
10
5
9
46
6
6
7
5
11
6
5
5
12
5
5
7
9
6
8
6
7
10
8
6
9
7
13
48
5
5
8
9
5
5
9
25
13
10
5
7
6
8
5
6
6
7
9
7
7
7
11
50
8
5
7
6
5
9
6
6
9
8
7
15
13
6
7
7
10
7
5
14
10
7
13
49
7
8
8
6
7
6
5
17
15
11
6
7
10
9
50
8
6
7
6
