7
6
6
12
11
10
7
6
6
6
6
6
6
6
8
6
6
6
6
7
11
7
15
11
6
6
6
6
6
6
6
6
6
6
6
6
6
6
6
11
7
6
6
6
6
6
6
6
6
6
6
6
6
6
6
6
6
14
16
16
21
14
12
8
12
13
6
6
6
6
6
6
6
6
6
6
6
6
6
7
33
11
9
6
6
6
6
6
6
6
6
6
6
6
6
6
6
6
6
8
10
7
6
6
6
8
11
6
6
6
7
11
6
6
6
6
6
6
6
6
6
6
6
6
6
6
11
7
6
6
6
6
6
6
6
6
6
6
6
6
6
6
6
6
6
6
6
6
12
6
6
6
6
6
6
6
6
6
6
6
7
11
6
6
6
6
7
9
9
6
6
6
6
7
6
6
8
10
6
6
6
6
6
10
6
6
6
6
6
6
11
17
17
17
18
17
8
7
11
6
6
6
6
6
6
6
6
6
6
6
9
15
12
12
9
7
9
9
9
12
7
9
11
9
9
10
11
10
11
17
12
16
7
7
15
13
14
14
19
14
21
6
6
6
6
6
6
8
16
10
28
84
85
85
85
18
7
10
8
8
9
20
27
17
13
11
9
6
7
7
7
7
7
6
6
17
17
15
8
6
8
57
81
83
71
20
18
10
