1
1
1
1
1
1
1
1
1
1
1
1
1
1
1
1
1
1
1
1
1
1
1
1
1
2
2
1
1
1
1
1
1
1
5
24
9
2
2
2
2
2
2
2
2
2
3
4
2
2
2
2
2
2
2
2
2
2
2
2
2
2
2
2
2
2
2
2
2
2
2
2
2
2
2
2
2
2
2
2
2
3
2
3
3
3
3
3
3
3
3
3
3
3
3
3
3
3
3
3
3
3
3
3
3
3
3
3
3
3
3
3
3
3
3
3
3
3
3
3
3
3
3
3
3
3
3
3
3
3
3
3
3
3
3
3
3
3
3
3
3
3
3
3
3
3
3
3
3
3
3
3
3
3
3
3
3
3
3
2
3
3
3
3
3
2
2
2
3
2
3
2
3
2
3
3
3
3
3
3
8
10
2
2
3
2
2
2
2
2
2
3
2
2
2
2
3
2
2
2
2
2
3
2
2
2
3
2
3
2
2
3
3
2
2
2
3
2
2
2
3
2
2
2
2
2
3
2
2
2
3
2
3
3
3
2
3
2
3
3
3
2
3
3
3
3
3
3
3
3
3
3
7
2
2
2
2
2
2
2
2
3
2
2
2
2
2
2
3
2
2
3
2
2
2
7
6
2
2
2
2
2
2
2
2
2
2
6
