12
10
11
10
11
11
10
10
10
11
10
10
14
12
10
12
12
11
8
9
8
10
11
11
11
10
11
12
12
12
9
11
11
14
11
11
8
12
11
10
10
9
12
11
11
12
10
10
13
11
10
9
9
8
7
8
9
9
8
7
6
9
10
11
10
9
9
13
8
8
8
7
8
14
15
13
11
9
9
8
7
7
6
9
11
15
11
9
8
7
6
8
9
7
8
8
7
6
7
6
5
5
5
5
5
6
6
6
5
7
5
5
6
5
4
5
5
5
5
5
4
5
5
5
4
5
4
5
5
4
4
4
5
4
5
8
6
5
5
4
4
6
4
4
5
4
4
4
4
4
3
3
4
5
5
5
4
4
4
4
5
4
4
4
4
4
4
5
4
4
4
4
4
4
4
4
4
4
4
4
4
4
4
4
4
4
4
4
6
6
5
5
4
5
4
4
4
5
4
5
5
5
5
5
6
5
4
5
5
6
5
7
8
7
8
7
6
7
7
7
9
9
8
7
9
8
9
8
8
9
10
12
14
10
9
10
11
10
11
10
10
9
9
11
13
12
10
9
9
9
10
9
9
10
8
10
11
9
7
7
9
10
10
10
9
10
7
8
10
9
10
10
9
8
9
10
9
7
7
7
8
9
9
11
9
8
9
9
