14
14
14
15
14
14
14
14
14
14
15
14
14
16
15
15
15
14
14
14
14
15
15
15
14
14
15
15
15
15
14
14
14
14
14
14
14
14
15
15
14
14
15
14
14
14
15
14
14
14
14
14
14
14
14
14
14
14
14
14
14
14
14
14
14
14
14
14
14
14
14
14
14
14
15
22
18
15
15
15
15
15
15
15
15
15
15
15
15
15
15
15
15
15
15
15
15
15
15
15
15
15
15
15
15
15
15
15
15
15
15
15
15
15
15
15
15
15
15
15
15
15
15
15
13
13
13
13
13
13
13
13
13
13
13
16
18
18
18
18
18
18
18
18
18
18
18
18
19
18
17
17
17
17
17
17
17
18
19
15
13
13
13
13
13
13
13
13
13
13
13
13
13
13
13
13
13
13
13
13
13
13
13
13
13
13
13
13
13
13
13
13
13
13
13
13
13
13
13
13
13
13
13
13
13
13
13
13
13
13
13
13
13
13
13
13
13
13
13
13
13
13
13
13
13
13
14
22
13
13
13
13
13
13
13
13
13
13
13
13
13
13
13
13
13
13
13
13
13
13
13
13
13
13
13
13
13
13
13
13
13
13
13
13
13
13
13
14
13
13
13
13
13
13
13
13
13
13
13
13
13
13
13
13
13
13
13
13
