38
35
40
39
40
33
37
25
18
18
18
13
7
6
23
23
57
11
11
9
6
13
74
32
40
37
20
20
21
23
24
27
27
27
29
28
61
33
31
29
29
32
33
34
35
34
32
30
65
42
39
37
40
39
41
40
37
38
34
34
32
34
32
31
31
31
30
31
29
24
22
23
22
22
24
41
16
14
15
13
10
12
12
10
8
6
5
6
6
6
5
7
4
3
3
2
2
3
5
2
4
19
3
3
2
3
3
4
9
10
13
10
11
11
9
10
10
16
13
12
13
14
15
15
16
14
15
15
18
16
16
17
12
1
1
2
2
2
1
2
1
1
2
1
1
3
2
1
3
2
2
2
2
1
2
2
1
3
1
3
2
1
2
2
2
2
1
2
1
2
1
2
2
1
2
2
1
2
1
1
1
1
0
1
1
1
1
1
0
1
1
1
1
1
1
0
1
1
1
1
0
1
0
1
1
1
1
1
1
1
1
1
1
1
1
1
1
1
1
1
1
1
1
3
1
1
1
1
0
0
0
1
0
1
1
1
0
1
1
0
0
0
0
1
0
1
1
1
2
2
1
1
2
1
1
1
2
0
1
0
0
0
0
0
0
1
2
1
1
0
3
13
12
12
11
12
12
12
1
1
1
1
1
1
1
0
0
0
