3
3
5
3
3
3
3
2
3
2
2
2
2
2
2
2
2
2
2
2
1
2
2
2
2
2
2
2
3
3
2
3
2
3
2
2
3
2
2
2
2
2
2
2
2
2
2
2
2
2
2
2
2
2
2
2
2
2
2
2
2
2
2
2
2
2
2
2
2
2
2
2
2
2
2
2
2
2
2
2
2
2
2
2
2
2
2
2
2
3
2
2
2
2
2
2
2
2
3
4
2
3
2
2
1
2
38
13
80
2
2
23
1
2
1
1
1
1
1
1
1
1
1
1
20
84
93
96
96
29
6
6
72
96
83
29
6
6
62
64
69
73
89
71
60
3
3
3
4
3
3
3
3
3
3
3
3
3
3
3
3
3
3
3
3
3
3
3
3
1
1
1
1
2
1
1
1
1
1
1
1
1
1
1
1
2
1
1
1
1
1
1
1
1
1
1
1
2
1
1
1
1
1
1
1
1
1
1
1
2
1
1
1
1
1
1
1
1
1
1
1
2
1
1
1
1
1
1
2
2
2
2
2
2
2
2
2
2
2
2
2
2
2
2
2
2
2
2
2
2
2
2
2
2
2
2
2
2
2
2
2
2
1
2
2
2
2
2
2
2
2
2
1
2
1
1
1
2
1
2
2
2
2
2
1
2
2
2
