43
21
30
29
43
47
66
69
58
42
55
41
53
25
26
24
65
71
74
56
75
73
74
28
16
16
41
43
53
43
54
46
53
62
59
29
35
40
41
23
47
53
48
53
47
29
13
13
68
78
72
78
72
31
27
16
26
19
74
76
74
75
72
72
63
51
17
17
30
57
70
79
70
79
63
44
15
16
15
34
70
78
71
78
71
57
77
34
6
15
19
60
72
78
69
79
69
79
62
29
16
1
45
74
73
64
68
49
7
1
1
1
1
1
1
1
1
1
1
1
1
1
1
1
1
1
1
0
0
0
0
0
0
0
0
0
0
0
0
0
0
0
0
0
0
1
0
0
0
0
0
0
0
0
0
0
0
0
0
0
0
0
0
1
2
0
1
0
0
0
0
0
0
0
0
0
0
0
0
0
1
0
1
1
0
0
6
1
1
53
101
99
99
100
100
100
100
95
11
1
1
1
0
1
1
3
57
11
3
3
1
1
0
1
0
1
1
1
1
0
0
0
0
0
0
0
0
0
0
0
0
0
0
0
0
0
0
0
0
0
0
0
0
0
0
0
0
0
0
0
0
0
0
1
0
0
0
0
0
0
0
1
0
10
12
31
1
1
0
0
1
1
56
98
99
100
100
101
99
100
100
100
100
101
100
100
100
101
