71
78
71
74
76
52
15
16
64
69
79
68
79
68
77
45
26
18
40
46
58
28
51
49
50
20
15
16
42
44
56
44
56
47
53
64
67
29
36
50
29
23
47
53
47
53
45
25
13
13
44
54
46
53
46
2
27
26
55
47
74
76
68
50
47
51
45
34
16
17
28
54
69
79
68
80
68
44
14
15
15
34
67
76
70
76
70
57
76
45
5
14
18
60
70
76
68
78
67
79
55
27
15
0
42
72
69
61
66
38
0
0
0
0
0
0
0
0
0
0
0
1
0
0
0
0
0
0
0
0
0
0
0
0
0
0
0
0
0
0
0
0
0
0
0
0
0
0
0
0
0
0
0
0
0
0
0
0
0
0
0
0
0
0
0
0
0
0
0
0
0
0
0
0
0
0
0
0
0
0
0
0
0
0
0
0
0
0
5
0
0
49
95
99
99
99
98
95
99
98
20
1
1
1
1
1
1
0
0
0
0
0
0
0
0
1
1
59
101
12
1
1
1
1
1
1
1
1
1
1
1
1
1
1
1
1
1
1
1
1
1
1
1
1
1
1
1
1
1
1
1
1
1
1
1
1
1
1
1
1
1
1
1
1
1
1
1
1
1
1
1
1
1
1
57
102
100
101
100
101
101
101
101
101
100
101
101
101
