40
40
40
41
48
72
64
59
64
66
32
9
26
38
41
38
39
28
64
65
94
86
91
93
92
30
8
8
73
91
94
91
94
91
94
80
16
1
7
90
91
94
91
94
91
94
54
14
5
7
76
92
93
92
93
86
93
54
11
11
18
93
91
94
91
94
91
94
36
8
1
63
92
93
92
93
92
93
89
15
8
13
10
54
93
92
93
86
92
93
88
91
91
95
91
94
90
94
91
94
91
93
92
86
92
41
9
7
8
0
1
1
1
1
1
1
1
1
1
1
1
1
1
1
1
1
1
1
1
1
1
1
1
1
1
1
1
1
1
1
1
1
1
1
1
1
1
1
1
1
1
1
1
1
1
1
1
1
1
1
1
1
1
1
1
1
1
1
1
1
1
1
1
1
1
1
1
1
1
1
1
1
1
1
1
1
1
1
1
1
1
64
103
103
103
103
103
103
103
102
27
1
1
1
1
1
1
4
29
10
5
4
1
1
1
1
1
1
1
1
1
1
1
1
1
1
1
1
1
1
1
1
1
1
1
1
1
1
1
1
1
1
1
1
1
1
1
1
1
1
1
1
1
17
11
23
1
1
1
1
1
1
1
1
1
1
1
1
1
1
1
1
1
1
63
102
102
103
102
103
103
103
103
103
102
103
103
103
