71
78
70
74
75
36
14
16
64
69
79
69
79
70
79
43
25
17
14
18
40
0
22
20
22
20
14
23
79
70
79
70
78
40
24
16
26
0
12
74
74
75
73
76
72
77
53
28
13
12
17
25
17
25
17
0
27
35
78
71
75
74
65
21
18
24
18
24
16
21
58
79
70
79
69
80
69
54
14
15
15
34
70
77
70
78
71
58
69
18
5
14
18
60
72
77
69
79
70
79
31
27
15
0
44
73
74
64
69
42
1
0
0
0
0
0
0
0
0
0
0
0
0
0
0
0
0
0
0
0
0
0
0
0
0
0
0
0
0
0
0
0
0
0
0
0
0
0
0
0
0
0
0
0
0
0
0
0
0
0
0
0
0
0
0
0
0
0
0
0
0
0
0
0
0
0
0
0
0
0
0
0
0
0
0
0
0
0
0
0
0
53
103
104
103
103
103
102
103
97
3
1
0
0
0
56
104
103
103
13
0
0
14
104
103
103
102
102
57
0
0
0
0
0
0
0
0
0
0
0
0
0
0
0
0
0
0
0
0
0
0
0
0
0
0
0
0
0
0
0
0
0
0
0
0
0
0
0
0
0
0
0
0
0
0
0
0
0
0
0
0
0
0
0
0
0
46
103
103
103
103
103
45
1
43
102
102
102
