0
0
5
7
98
103
102
104
103
100
14
14
29
29
29
29
20
84
87
103
103
103
103
104
77
0
1
79
104
103
102
104
103
103
102
53
0
6
97
104
104
104
104
103
103
99
19
0
1
79
104
103
104
103
103
103
103
46
0
11
101
103
103
103
103
103
104
99
18
1
73
103
103
103
104
103
103
103
60
0
2
55
85
104
104
103
104
103
103
64
58
58
83
103
103
103
103
104
103
104
91
58
58
70
101
61
58
58
43
0
0
0
0
0
0
0
0
0
0
0
0
0
0
0
0
0
0
0
0
0
0
0
0
0
0
0
0
0
0
0
0
0
0
0
0
0
0
0
0
0
1
1
0
0
0
0
0
0
0
0
0
0
0
0
0
0
0
0
0
0
0
0
0
0
0
0
0
0
0
0
0
0
0
0
0
0
0
0
0
0
0
0
0
0
0
0
0
0
0
0
0
0
0
0
0
0
3
56
9
0
0
2
88
103
104
103
104
85
5
0
0
0
0
0
0
0
0
0
0
0
0
0
0
0
0
0
0
0
0
0
0
0
0
0
0
0
0
0
0
0
0
0
0
0
0
0
0
0
0
0
0
0
0
0
0
0
0
0
0
0
0
0
0
0
0
6
98
104
102
104
103
103
103
97
20
0
40
103
