29
29
27
0
14
86
86
86
86
96
104
102
40
29
27
76
88
105
104
105
105
104
103
20
0
45
87
86
86
86
87
83
29
29
37
104
94
86
86
86
86
86
48
0
0
1
89
104
104
105
104
104
105
104
46
0
0
0
0
0
33
105
104
104
104
104
57
2
57
58
58
58
41
0
0
27
104
104
104
104
104
57
0
22
22
22
14
24
20
23
23
25
22
23
23
24
22
22
22
22
22
23
22
0
11
0
0
0
0
0
0
0
0
0
0
0
0
0
0
0
0
0
0
0
0
0
0
0
0
0
0
0
0
0
0
0
0
0
0
0
0
0
0
0
0
0
0
0
0
0
0
0
0
0
0
0
0
0
0
0
0
0
0
0
0
0
0
0
0
0
0
0
0
0
0
0
0
0
0
0
0
0
0
0
0
0
0
0
0
0
0
0
0
0
0
0
0
0
0
0
0
55
103
102
103
14
0
0
0
0
1
1
0
61
104
44
0
0
0
0
0
0
0
0
0
0
0
0
0
0
0
0
0
0
0
0
0
0
0
0
0
0
0
0
0
0
0
0
0
0
0
0
0
0
0
0
0
0
0
0
0
0
0
0
0
0
0
0
0
0
1
0
26
101
101
101
101
102
104
103
101
25
0
66
102
103
103
104
