104
104
104
104
98
2
0
6
101
104
104
104
103
104
104
99
8
0
75
87
92
86
86
86
74
0
0
0
30
58
58
58
58
55
58
68
58
58
58
58
9
3
57
58
58
58
49
1
0
1
95
103
102
102
103
93
4
0
0
4
101
102
102
102
102
102
102
102
36
0
1
96
101
101
101
101
101
101
101
60
9
0
0
49
102
102
101
102
102
102
101
102
101
101
101
102
102
102
102
101
101
101
102
101
98
99
102
51
0
0
0
0
0
0
0
0
0
0
0
0
0
0
0
0
0
0
0
0
0
0
0
0
0
0
0
0
0
0
1
0
0
0
0
0
0
0
0
0
0
0
0
0
0
0
0
0
0
0
0
0
0
0
0
0
0
0
0
0
0
0
0
0
0
0
0
0
0
0
0
0
0
0
0
0
0
0
0
0
0
0
0
0
0
0
0
0
0
0
0
0
0
0
0
0
0
0
0
0
0
0
0
0
0
0
0
0
0
0
43
0
0
14
0
0
0
0
0
0
0
0
0
0
1
14
0
0
1
5
0
0
14
6
0
13
0
0
0
0
0
0
0
0
0
0
0
0
0
0
0
0
0
0
0
0
0
0
0
0
0
0
0
0
0
0
0
0
5
9
9
9
9
10
10
6
0
0
9
9
