94
94
94
41
1
1
1
7
12
3
0
0
58
103
103
102
99
100
66
10
103
103
98
96
95
76
1
14
97
100
101
101
101
90
6
1
1
1
25
97
98
98
99
101
101
101
77
4
1
5
96
97
97
98
97
98
100
94
26
3
70
99
100
100
100
100
100
101
77
12
29
32
101
102
102
102
103
97
11
30
102
102
102
102
102
102
103
99
6
12
103
103
103
103
103
95
6
72
103
103
103
103
103
103
103
68
1
40
6
58
37
1
0
0
0
0
0
0
0
0
0
0
0
0
0
0
0
0
0
0
0
0
0
0
0
0
0
0
0
0
0
0
0
0
0
0
0
0
0
0
0
0
0
0
0
0
0
0
0
0
0
0
0
0
0
0
0
0
0
0
0
0
0
0
0
0
0
0
0
0
0
0
1
0
1
0
0
0
0
0
0
0
0
0
0
0
0
0
0
0
0
0
0
0
0
1
0
0
0
0
0
0
0
0
0
0
0
1
60
48
0
0
0
0
0
0
0
0
0
0
0
0
0
0
0
1
1
0
1
0
0
0
0
0
0
0
0
0
0
0
0
0
0
0
0
0
0
0
0
0
0
0
0
0
0
0
0
0
0
0
0
0
0
0
0
0
6
10
9
9
9
10
10
5
0
0
9
9
