99
101
101
28
22
86
85
87
102
103
70
29
29
29
29
6
1
22
98
100
100
100
100
98
97
95
36
5
82
85
84
83
84
84
76
45
27
27
34
98
95
77
78
81
82
77
80
16
1
1
81
96
97
98
98
96
98
97
66
17
1
1
1
1
31
98
98
96
98
97
68
3
56
57
57
57
56
8
1
25
98
97
100
101
102
89
2
25
23
24
15
26
22
24
24
26
23
24
24
24
23
23
23
23
23
23
23
1
12
1
1
0
0
0
0
0
0
0
0
0
0
0
0
0
0
0
0
0
0
0
0
0
0
0
0
0
0
0
0
0
0
0
0
0
0
0
0
0
0
0
0
0
0
0
0
0
0
0
0
0
0
0
0
0
0
0
0
1
1
1
0
0
0
0
0
0
0
0
0
0
0
0
1
0
0
0
0
0
0
0
0
0
0
0
0
0
0
0
0
0
0
0
0
0
0
1
0
0
0
0
0
0
0
0
0
0
0
1
59
47
0
0
0
0
0
0
0
0
0
0
0
0
0
0
0
0
0
0
0
0
0
0
0
0
0
0
0
0
0
0
0
0
0
0
0
0
0
0
0
0
0
0
0
0
0
0
0
0
0
0
0
0
0
0
0
0
6
10
9
9
9
10
10
7
0
0
9
9
