2
1
2
1
2
1
2
1
1
1
1
1
2
1
2
1
2
1
1
1
1
1
2
2
2
2
2
2
2
2
2
2
2
2
2
2
2
2
2
2
2
2
2
2
2
2
2
2
2
2
2
2
2
2
2
2
2
2
2
2
2
2
2
2
2
2
2
2
2
2
2
2
2
2
2
2
2
2
2
2
2
2
2
2
2
2
2
2
2
2
2
2
2
2
2
2
2
2
2
2
2
2
2
2
2
2
2
2
2
2
2
2
2
2
2
2
2
2
3
11
17
16
16
16
16
16
17
17
17
17
16
16
17
16
17
17
17
16
17
16
17
16
23
16
17
16
17
17
16
16
17
16
17
16
16
16
16
16
17
16
17
16
16
16
17
17
13
1
1
1
1
1
1
1
1
1
1
1
1
1
1
1
1
1
1
1
1
1
1
1
1
1
1
1
1
1
1
1
1
1
1
1
1
1
1
1
1
1
1
1
1
1
1
1
1
2
1
1
1
1
1
1
1
1
1
2
1
1
1
1
1
2
2
1
1
1
1
1
1
1
1
1
1
1
1
1
1
1
1
1
1
1
1
1
1
1
1
1
1
6
1
2
9
16
12
12
13
14
14
14
13
12
6
5
4
4
5
16
18
18
18
19
19
19
18
18
18
17
