6
7
7
6
6
6
9
6
6
6
7
8
5
5
5
6
7
6
6
5
7
9
8
6
7
6
6
6
7
12
7
5
6
6
6
6
8
7
7
6
6
6
6
6
12
8
6
5
6
8
10
8
6
6
7
6
6
9
10
8
6
6
7
7
9
8
5
5
5
5
6
6
5
5
7
8
5
6
5
5
4
5
5
5
5
7
5
7
5
5
4
5
5
6
5
7
7
6
5
5
6
6
6
5
6
5
7
5
5
6
5
9
7
7
6
6
6
5
5
7
8
5
7
5
6
7
5
5
5
5
4
5
5
7
6
5
6
7
6
9
6
6
8
5
7
7
5
6
5
5
6
7
8
7
8
5
6
8
5
5
6
5
4
6
5
6
5
6
5
6
8
6
6
5
4
5
5
6
6
7
4
7
5
5
5
5
5
6
5
5
4
5
5
5
5
9
8
5
5
5
6
7
5
8
8
5
5
5
5
6
9
8
5
5
7
10
5
5
6
6
5
6
5
6
5
8
6
5
6
7
5
5
8
5
7
8
5
7
5
5
7
6
4
6
6
7
5
6
5
5
4
5
7
6
4
6
4
5
7
22
5
7
25
7
7
7
6
6
5
7
5
5
7
5
5
6
5
6
5
6
10
9
6
6
5
8
5
9
