4
6
4
4
5
10
6
6
4
5
4
8
7
6
4
6
4
4
6
5
5
5
6
5
8
9
5
5
5
6
9
6
6
6
8
6
5
7
6
10
7
6
6
6
6
6
6
8
6
6
5
7
5
5
5
5
8
6
5
5
8
5
5
6
6
7
6
7
6
7
8
7
6
5
5
5
7
9
6
5
6
9
8
6
8
7
5
10
8
7
5
6
5
6
8
9
8
5
6
9
6
5
5
6
8
5
6
6
5
7
5
6
9
7
6
10
10
7
10
10
9
5
6
5
8
7
6
6
8
6
5
5
6
5
6
6
5
10
7
7
7
7
5
5
7
8
7
6
7
5
6
6
5
9
5
5
6
6
7
5
6
5
5
6
5
6
6
5
5
6
8
6
6
8
8
5
5
5
8
6
5
8
9
6
6
5
5
7
7
6
5
5
6
6
7
6
5
7
9
6
8
6
7
7
6
6
6
8
8
7
6
6
7
9
6
6
6
8
5
7
7
7
7
8
6
6
6
5
5
5
5
6
6
6
7
5
11
8
6
6
6
7
7
7
6
6
6
6
8
6
8
7
8
7
6
7
7
11
5
7
5
6
7
32
64
63
66
68
67
67
67
63
63
63
63
55
6
7
4
4
4
6
9
9
9
4
4
5
