47
52
57
58
57
57
54
59
57
58
57
54
54
54
55
54
53
52
54
53
52
54
53
54
3
4
4
11
25
21
14
24
48
30
26
32
24
30
30
28
45
58
56
57
57
57
57
57
57
57
58
58
58
57
57
57
55
57
57
57
57
57
58
43
9
18
6
25
11
8
9
16
24
22
22
24
21
16
28
18
20
22
23
20
29
50
57
57
56
57
57
56
55
57
56
57
57
56
57
56
56
56
55
56
56
56
57
56
34
5
4
8
25
6
8
13
10
7
7
6
13
15
21
19
19
21
22
26
52
52
55
57
56
55
56
56
57
57
59
57
57
57
58
56
56
58
57
56
57
57
57
57
56
50
6
5
5
28
32
37
40
28
29
26
30
28
27
45
57
57
57
57
57
57
57
57
57
57
57
57
57
57
58
57
57
57
57
57
55
56
44
5
5
10
23
12
9
11
19
23
23
27
28
46
50
47
56
58
57
58
57
57
57
58
56
56
59
57
57
58
57
58
58
58
58
58
58
57
58
32
6
6
7
9
37
29
37
41
31
29
30
29
30
26
44
58
67
65
60
59
58
58
59
58
58
59
58
58
57
60
59
58
57
57
60
56
57
56
10
16
28
18
25
19
12
6
7
17
19
24
24
28
40
49
54
57
58
59
