3
3
3
2
3
2
3
4
3
2
3
7
3
2
3
2
3
3
3
3
7
3
3
2
3
2
5
2
3
2
3
3
3
4
6
3
2
2
5
6
3
3
3
4
3
2
3
2
3
2
3
2
3
2
3
3
5
3
3
2
3
3
4
3
3
3
3
3
3
2
3
2
3
2
3
3
4
3
3
2
3
2
3
2
3
2
3
2
3
3
3
4
5
3
3
3
3
2
3
2
3
2
3
2
3
2
3
2
3
3
3
2
3
3
3
2
3
3
3
2
3
4
7
3
3
3
7
3
3
2
4
5
3
2
3
2
3
3
3
2
3
2
3
3
4
3
3
3
3
3
3
4
3
2
3
3
3
2
3
3
3
3
3
3
3
3
6
3
3
3
3
3
3
3
3
3
3
3
3
3
3
3
3
3
3
3
3
3
3
3
4
3
2
3
2
3
3
3
2
3
3
3
2
3
2
3
4
6
3
5
7
3
3
4
3
3
3
4
4
3
3
3
3
5
4
6
4
5
3
3
5
4
3
3
3
3
3
3
3
4
3
4
5
3
3
3
3
7
3
3
3
3
3
4
3
3
6
5
3
6
3
3
3
3
3
4
4
3
3
4
3
5
3
3
3
3
3
5
5
3
3
4
3
3
3
3
3
3
