1
1
1
1
1
2
2
2
1
1
1
1
1
1
1
1
1
1
1
1
1
1
1
2
2
2
1
1
1
1
1
1
1
1
1
1
1
1
1
1
1
1
1
1
1
1
1
1
1
1
1
1
1
1
1
1
1
1
1
1
1
1
1
1
1
1
1
1
1
1
1
1
1
1
1
1
1
1
1
1
1
1
1
1
1
1
1
1
1
1
1
1
1
1
3
2
1
1
1
1
1
1
2
2
1
1
3
1
1
1
1
1
1
1
1
1
1
1
1
1
1
1
1
1
1
1
1
1
3
3
2
1
1
1
1
1
1
1
1
1
1
1
1
1
1
1
1
1
1
1
1
1
1
1
1
1
1
1
1
1
1
1
1
1
1
1
1
1
1
1
1
1
1
1
1
1
1
1
1
1
1
1
1
2
2
1
1
1
1
1
3
3
1
1
1
1
1
1
1
2
1
1
1
2
2
2
2
2
2
1
2
2
2
1
1
1
1
1
1
1
1
1
1
3
2
2
2
1
2
2
2
1
1
1
1
2
2
2
2
2
1
2
1
2
2
2
2
2
1
1
1
1
1
1
1
1
1
1
2
2
1
1
1
1
2
2
2
2
1
2
6
21
18
19
16
19
19
19
3
2
2
2
2
1
1
1
1
1
