2
2
3
4
3
13
10
22
5
7
2
6
4
5
10
12
5
2
2
17
5
11
2
11
4
2
2
19
7
6
1
4
1
1
1
2
4
1
2
3
11
3
1
1
1
1
1
1
1
1
1
1
1
1
1
1
1
1
1
1
1
1
1
2
1
1
1
1
1
1
1
1
1
1
1
1
1
1
1
1
1
1
1
1
1
1
1
1
1
1
1
1
1
1
1
5
1
1
1
1
1
1
1
1
1
5
1
1
1
1
1
1
1
1
1
1
1
1
1
1
1
1
1
1
6
1
1
1
1
1
1
1
1
1
1
1
1
1
1
1
1
1
1
1
1
1
1
1
1
1
1
1
1
1
1
1
1
1
1
1
1
1
1
1
1
1
1
1
1
1
1
1
1
1
1
1
1
1
1
1
1
1
1
1
1
1
1
1
2
1
1
4
1
1
1
1
1
1
1
1
1
1
1
1
1
1
1
1
1
1
1
1
1
1
1
4
6
8
3
9
2
6
1
1
1
1
1
1
2
1
10
30
24
25
22
21
27
24
21
19
27
32
17
3
1
1
1
1
1
1
1
1
1
1
1
2
1
1
2
1
1
3
2
1
1
1
1
1
1
1
1
1
1
1
1
1
1
3
15
3
2
1
2
10
28
10
2
12
