45
45
45
35
45
45
45
45
45
45
45
45
45
45
45
35
45
44
45
45
44
45
46
46
45
45
38
46
46
46
46
46
46
46
46
46
47
46
36
46
46
47
46
46
46
46
46
47
46
45
36
45
45
45
45
46
45
45
45
45
45
45
35
45
45
45
45
45
45
45
45
45
45
45
35
45
45
45
45
45
45
45
45
46
45
45
36
45
45
45
45
45
45
45
45
45
45
45
35
45
45
45
45
46
46
46
45
45
45
46
34
43
43
44
43
44
44
44
45
44
43
44
33
44
45
45
45
44
44
44
44
44
44
45
35
45
45
45
45
45
45
45
45
45
45
45
35
45
45
45
45
45
45
45
45
45
45
45
35
45
46
46
46
46
46
46
46
46
45
47
35
45
45
45
45
45
45
45
45
45
45
45
35
45
45
45
45
45
45
45
45
45
45
45
35
45
45
45
45
45
45
45
45
45
45
45
35
45
45
45
45
45
45
45
45
45
45
45
35
45
45
45
44
45
45
45
45
45
48
45
35
45
45
45
45
45
45
45
45
45
45
45
35
45
45
45
45
45
45
45
45
46
46
46
35
45
45
45
45
45
45
45
45
45
45
45
36
45
45
45
45
45
45
45
45
45
45
45
35
45
45
45
45
45
45
46
45
45
