6
8
6
6
3
7
5
6
6
7
7
6
6
7
7
6
5
4
6
6
6
6
6
5
6
5
6
6
5
8
3
6
7
7
10
15
8
6
6
3
6
5
6
5
6
6
5
5
5
5
5
5
5
5
5
3
6
5
6
5
6
6
5
5
6
5
6
5
5
6
5
6
3
6
6
5
5
5
5
5
5
5
6
6
5
5
5
5
5
5
5
3
5
5
5
4
5
5
6
5
5
3
4
5
5
5
5
5
6
6
5
5
5
5
7
7
8
4
4
5
6
6
16
17
11
15
21
24
14
5
5
3
5
17
22
9
6
5
5
5
6
8
6
7
5
3
5
4
6
5
5
5
5
5
5
5
6
8
7
5
5
6
6
5
5
3
6
5
6
5
5
5
5
5
5
5
5
5
5
5
5
5
5
5
5
5
3
5
4
5
5
5
5
5
6
6
5
6
5
6
6
5
2
5
5
5
5
7
6
6
5
5
9
16
7
6
5
6
5
6
5
5
7
5
6
6
5
5
6
5
5
6
5
5
5
5
13
12
9
5
5
3
5
5
10
19
5
7
6
5
8
5
5
6
3
6
5
7
6
7
8
17
9
3
5
5
5
5
7
6
6
5
10
8
13
7
6
6
7
6
6
4
7
3
7
11
10
8
