2
2
2
2
2
2
2
2
2
2
2
2
13
2
2
1
2
2
2
2
2
2
2
2
2
2
2
2
2
2
2
2
2
2
2
2
13
2
2
2
2
2
2
2
2
2
2
2
2
2
2
2
2
2
2
2
2
2
2
2
13
2
2
2
2
2
2
2
2
2
3
2
2
2
2
2
2
2
2
2
2
2
2
2
13
2
2
2
2
2
2
2
2
2
2
2
2
2
2
2
2
2
2
2
3
2
1
2
12
2
1
2
1
2
1
2
1
2
1
2
4
2
2
2
2
2
2
1
2
1
2
2
13
1
2
1
2
1
2
1
2
1
2
1
2
1
2
1
1
2
1
2
2
2
1
2
12
2
1
2
1
2
1
2
1
2
1
2
1
2
1
2
1
2
1
2
1
2
1
2
12
1
2
1
2
2
2
1
2
1
2
3
2
2
2
2
2
2
2
2
2
2
2
2
13
2
2
2
2
2
2
2
2
2
2
2
2
2
2
2
1
2
2
2
2
2
1
2
13
2
2
2
2
2
2
2
2
2
2
2
2
2
2
2
2
2
2
2
2
2
2
3
13
2
2
2
2
2
2
2
2
2
2
2
2
2
2
2
2
2
2
2
2
2
2
2
13
2
2
2
2
2
2
2
2
2
2
2
