16
17
17
17
24
36
16
17
16
16
26
32
15
16
14
15
21
34
15
16
15
16
22
36
15
16
15
16
24
36
16
17
16
17
24
36
16
17
16
17
21
37
16
17
16
17
23
36
16
17
16
17
24
37
16
17
16
17
23
36
16
18
16
17
15
17
16
17
16
17
16
17
16
17
15
16
16
15
15
16
15
16
15
16
15
16
15
15
16
15
15
16
15
16
34
90
34
16
15
15
15
12
12
14
12
13
12
13
12
13
12
12
11
12
12
13
12
13
12
13
12
13
12
13
11
13
12
13
12
13
12
13
12
13
12
12
12
13
12
13
12
13
12
13
12
13
12
13
14
16
15
17
15
16
15
16
15
16
14
16
14
15
15
16
15
16
14
16
15
15
15
16
16
15
15
16
16
16
16
17
16
16
15
16
20
37
16
16
15
16
24
35
16
16
15
16
24
35
16
16
16
16
23
35
15
16
16
16
23
34
15
16
15
17
24
34
15
17
15
16
25
34
15
17
15
16
24
32
16
17
15
16
25
26
13
13
13
14
24
28
13
13
13
13
24
27
13
13
13
13
25
28
13
13
13
13
22
28
13
13
13
13
22
27
13
13
13
13
23
27
13
13
13
14
21
29
14
13
13
13
23
26
13
13
13
13
23
27
