4
2
2
3
2
2
4
2
2
4
2
2
4
3
2
2
2
2
4
2
2
4
2
2
3
2
2
2
2
2
4
2
2
2
2
2
3
2
2
3
2
3
4
2
2
4
2
2
4
2
2
4
2
2
4
2
2
3
2
2
4
2
2
4
2
2
4
2
2
3
2
2
4
2
2
4
3
2
5
2
2
3
2
2
5
3
3
4
2
2
4
2
2
4
2
2
3
2
2
2
2
2
4
3
2
4
2
2
3
2
2
2
2
3
4
3
3
6
3
3
6
3
3
7
3
3
7
3
3
7
3
3
7
3
3
7
3
3
7
3
3
6
3
3
7
3
3
6
3
3
7
3
3
24
3
3
6
3
2
6
3
2
7
3
3
6
2
3
6
3
2
6
3
3
6
2
2
6
2
2
6
3
2
6
2
2
6
2
2
4
2
2
2
2
2
2
2
2
4
2
2
4
2
2
2
2
2
4
2
2
4
2
2
4
2
2
5
3
3
5
2
2
5
2
2
5
2
2
4
2
2
4
2
2
4
2
2
5
2
2
4
2
2
4
2
2
4
2
2
3
2
2
4
2
2
4
2
2
4
2
2
4
2
2
4
2
2
3
2
2
4
2
2
3
2
2
3
2
2
3
2
2
4
2
2
4
2
2
