13
16
21
22
26
23
20
19
17
16
15
18
17
16
16
20
17
16
13
14
23
22
15
15
17
16
4
3
3
4
3
2
2
2
2
2
2
2
2
2
2
2
2
2
2
2
2
2
3
2
2
2
2
2
2
2
2
2
2
2
2
2
2
2
2
2
2
2
2
3
2
2
2
2
2
2
2
2
2
5
2
2
2
2
2
2
5
2
2
2
2
2
2
2
2
2
2
2
2
2
2
2
2
2
2
2
2
2
2
4
2
2
2
2
2
2
2
2
2
2
2
4
2
2
5
2
2
2
2
2
2
2
2
2
2
2
2
2
2
2
2
2
2
2
2
2
2
2
2
2
2
2
2
2
2
2
2
2
2
2
2
2
2
2
2
2
2
2
2
2
2
2
2
2
2
2
2
2
2
2
2
2
2
2
2
2
2
3
2
2
2
2
2
3
5
3
2
2
2
3
4
3
3
3
2
3
3
3
2
3
4
13
22
24
22
24
22
20
20
15
17
15
14
13
15
17
15
16
17
16
13
10
14
14
16
21
17
17
13
15
16
11
14
15
9
16
13
13
13
11
10
10
10
12
9
10
12
11
11
13
14
13
11
10
8
14
12
10
10
12
11
8
11
10
8
10
12
13
17
14
17
17
13
15
15
15
14
12
