3
4
3
3
3
3
3
3
3
3
3
3
3
3
3
3
3
3
3
3
3
3
5
4
4
4
3
3
3
3
3
3
3
3
3
2
3
3
3
3
3
3
3
3
3
3
3
2
3
3
3
3
3
3
3
3
3
3
3
2
3
3
3
3
3
3
4
3
3
3
3
3
3
3
3
3
8
7
3
3
3
3
3
3
3
3
2
3
3
3
3
3
3
3
3
3
3
3
3
3
4
5
10
3
3
4
3
3
3
4
3
3
5
3
3
3
3
3
3
3
3
4
3
3
4
3
3
3
3
3
3
3
3
3
2
3
4
3
4
3
3
3
3
2
3
3
3
3
3
3
3
3
3
3
3
2
3
3
2
3
4
3
3
3
3
3
3
2
3
3
2
3
4
3
17
23
20
9
3
2
3
3
3
3
3
3
3
3
3
3
3
2
3
3
2
3
3
3
3
3
2
3
3
2
3
3
2
3
3
3
3
3
3
3
3
3
3
3
2
3
3
3
3
3
3
3
3
3
3
4
3
3
3
3
3
3
3
3
3
3
3
3
3
3
3
3
3
3
3
3
3
3
3
4
3
3
3
3
3
3
3
3
3
3
3
4
3
3
3
3
3
3
3
3
3
3
3
4
3
3
3
3
3
3
3
3
3
3
