2
2
1
2
1
2
2
1
1
1
1
1
1
1
1
2
1
2
2
2
3
4
2
2
2
2
2
3
2
4
4
2
2
2
2
2
2
2
1
2
2
2
2
2
2
2
2
2
2
2
2
2
2
2
2
2
2
2
2
2
2
2
2
2
2
2
2
2
2
2
2
2
2
2
2
2
2
2
2
2
1
2
2
2
2
2
2
2
2
2
2
2
2
2
2
2
2
2
2
2
2
2
2
1
1
2
2
2
2
2
2
2
2
3
2
2
4
2
2
3
2
2
4
2
2
26
28
29
28
31
32
30
29
26
16
19
17
18
20
24
22
24
26
25
25
30
27
28
30
27
9
7
19
3
6
2
7
7
2
5
6
3
3
6
3
2
1
1
2
1
1
2
1
1
2
1
1
2
1
1
1
1
1
2
2
2
1
1
1
2
1
1
1
1
1
2
1
1
1
1
1
1
1
1
1
1
1
2
1
1
2
1
1
1
1
1
1
2
3
2
1
2
2
1
1
2
1
1
1
2
1
2
1
1
1
1
1
2
1
2
2
1
2
2
1
2
2
1
2
2
2
2
2
2
2
2
2
2
2
1
2
2
2
2
2
2
2
2
2
2
2
2
1
2
1
1
2
2
1
2
1
1
2
1
1
1
2
2
