2
2
2
2
2
2
2
2
2
2
2
2
2
2
8
3
10
4
3
2
2
2
2
2
2
2
2
2
2
2
2
2
2
2
6
9
2
2
2
2
7
63
2
2
2
2
2
2
2
2
2
2
7
61
42
30
2
2
2
2
2
2
2
2
2
2
2
2
2
2
2
2
2
2
2
2
2
2
3
3
2
2
2
2
2
2
2
2
2
2
2
2
2
2
4
12
2
2
2
2
2
2
2
2
2
2
2
2
2
2
2
2
9
59
45
21
34
31
2
2
2
2
2
2
2
2
2
2
2
2
2
2
2
2
2
2
2
2
2
2
2
2
2
2
2
2
2
2
2
2
2
2
2
2
2
2
2
2
2
2
2
2
2
2
2
2
2
2
2
2
2
2
2
2
2
2
2
2
2
2
2
2
2
2
2
2
2
2
2
2
2
2
1
2
2
2
2
2
2
2
2
2
2
1
1
1
2
2
2
1
1
2
2
2
2
2
2
2
2
1
2
2
2
2
2
2
2
6
4
2
2
2
1
2
2
2
2
2
2
2
2
2
2
2
2
2
2
2
2
2
2
2
2
2
2
2
2
2
2
2
2
1
2
2
2
2
2
2
2
2
2
2
2
2
2
2
2
2
2
2
2
2
2
2
2
2
2
2
