7
8
9
9
9
6
6
6
6
7
6
7
6
7
6
7
8
7
7
8
6
7
7
6
6
7
6
5
7
6
5
6
6
5
5
10
10
7
6
5
6
6
5
5
6
5
5
5
5
5
5
5
6
6
5
5
5
5
5
5
5
5
6
5
7
6
5
5
6
5
6
6
5
5
5
5
6
6
5
6
6
6
6
6
6
6
6
5
6
6
5
5
5
5
6
6
5
6
6
6
6
6
5
6
6
6
8
6
6
6
6
6
6
7
6
6
6
6
6
6
6
6
6
6
7
6
6
6
6
6
6
6
6
6
6
6
6
7
6
6
6
5
5
5
5
5
5
5
6
23
23
12
5
5
7
12
12
10
10
11
12
13
11
11
12
13
13
14
14
14
14
14
15
15
16
15
15
15
15
15
15
14
15
14
14
14
14
13
15
14
14
14
14
13
14
14
14
14
14
7
5
5
5
5
5
5
5
9
10
6
5
5
5
5
5
5
5
5
6
5
6
6
5
5
6
5
6
5
9
6
6
6
6
6
5
6
6
6
6
6
7
6
7
7
6
6
5
7
6
7
7
6
5
6
6
5
6
7
6
5
5
6
6
6
6
6
6
6
6
6
5
6
6
5
6
6
6
5
6
6
6
5
6
5
8
7
7
7
