5
6
5
6
4
70
107
109
83
3
3
4
3
4
3
3
3
4
3
4
3
3
3
3
3
4
3
3
3
4
3
4
3
3
3
3
3
4
3
3
3
4
3
4
3
3
3
3
3
4
3
3
3
4
3
4
3
3
3
4
3
4
3
3
3
4
3
4
3
3
3
3
3
4
3
3
3
4
3
4
3
4
4
3
4
4
3
4
3
4
3
4
3
3
3
4
4
4
3
3
4
4
4
4
3
3
3
4
3
4
3
3
4
4
3
4
3
3
3
3
3
4
3
3
3
4
3
4
3
3
3
3
3
4
4
3
4
4
4
4
4
4
3
4
3
4
3
3
4
9
3
4
4
4
4
4
4
4
4
3
4
4
3
4
4
3
3
3
3
4
3
3
3
4
4
4
4
3
3
4
3
4
3
3
4
4
3
4
3
3
4
4
3
4
4
3
4
4
3
4
3
3
4
4
3
4
4
3
4
4
3
4
4
3
3
4
3
4
4
3
4
4
3
4
3
4
3
4
4
4
3
4
3
4
4
4
4
3
4
4
4
4
4
4
3
4
4
4
3
4
3
4
3
4
4
3
3
67
56
108
110
75
3
3
3
4
3
3
3
4
3
4
3
3
3
3
3
4
3
3
3
4
3
4
3
3
3
4
