17
18
17
17
18
17
17
17
18
17
17
17
17
21
21
22
19
18
17
17
17
17
17
17
17
17
17
17
16
16
16
16
16
17
17
16
16
16
16
21
18
18
17
17
18
17
16
18
17
16
17
17
17
17
17
17
16
17
17
18
17
17
17
17
16
17
17
17
17
17
16
17
17
16
17
17
17
17
17
20
16
16
17
17
17
16
16
16
17
16
17
17
16
16
16
16
16
16
16
16
16
17
16
16
16
16
16
16
16
16
16
16
16
16
16
18
16
16
16
29
30
30
29
30
29
30
30
29
30
29
30
30
29
30
29
30
30
30
29
30
29
29
29
29
29
29
29
29
29
30
29
29
29
29
29
29
29
29
29
29
29
29
29
29
29
29
29
27
26
24
16
16
16
16
16
16
16
16
16
16
16
16
16
16
16
16
17
17
16
16
16
17
17
16
17
17
17
17
18
18
19
17
17
16
16
16
17
17
17
17
17
17
17
17
17
17
17
17
17
17
21
18
17
17
18
18
18
18
18
17
18
17
17
17
17
17
17
18
18
17
17
17
18
17
17
18
17
17
17
17
17
17
17
18
17
17
17
17
17
17
17
17
17
18
17
19
18
17
19
18
18
18
18
18
17
18
18
18
17
17
18
18
19
18
18
18
17
17
