10
12
11
15
10
13
12
17
11
12
13
12
16
13
12
9
11
10
12
12
10
9
11
8
9
7
8
7
9
9
13
12
9
7
9
7
8
8
8
8
8
11
10
15
8
9
7
9
7
9
7
9
7
11
11
14
9
9
8
9
8
9
8
9
7
10
11
12
8
8
9
7
8
7
9
7
9
9
11
10
9
7
9
7
8
7
8
8
9
8
8
8
8
7
9
8
8
8
8
9
7
9
8
9
8
9
8
10
7
9
7
9
7
9
7
9
8
9
8
9
8
9
7
8
8
8
9
8
9
7
9
7
8
8
9
8
9
7
9
7
9
7
9
8
9
7
9
7
9
7
9
8
8
8
8
9
7
9
7
9
7
9
7
9
8
9
8
9
7
9
7
9
8
9
7
9
7
9
7
9
7
9
8
8
8
8
8
7
9
7
9
8
9
7
9
7
9
7
9
8
8
7
9
9
9
8
10
9
10
20
27
22
24
22
14
13
19
15
13
13
25
20
12
15
10
13
11
12
12
12
11
12
11
15
12
13
10
11
10
10
9
9
9
9
8
10
15
14
11
9
10
10
10
7
9
8
9
10
13
13
10
8
10
8
9
7
8
9
11
13
13
13
10
10
11
10
12
13
10
14
10
12
11
13
10
12
11
10
