28
24
21
9
7
4
8
7
16
12
8
17
6
7
7
6
6
9
8
1
9
1
3
0
0
0
2
1
4
1
0
0
0
0
0
1
3
1
9
1
1
2
1
1
1
2
4
3
2
1
3
3
11
1
1
1
1
0
1
3
1
2
3
2
2
2
2
2
3
3
2
2
0
0
0
0
0
0
0
0
0
1
1
0
0
2
1
13
15
17
15
18
8
25
12
5
0
0
1
0
0
0
0
0
0
0
0
0
0
0
1
0
0
0
0
0
0
0
0
0
0
0
1
0
0
0
0
0
2
0
1
0
0
0
1
0
0
0
0
0
0
0
0
0
0
0
0
0
0
0
0
0
0
0
0
0
0
0
0
0
0
0
0
0
0
0
0
0
0
0
1
0
0
0
0
0
0
0
0
0
0
0
1
0
0
0
0
0
0
0
0
0
0
1
1
1
0
0
0
0
0
0
0
0
0
0
1
0
0
0
2
5
3
14
2
4
2
19
6
21
9
9
1
2
4
1
2
5
2
1
2
8
5
9
4
1
5
6
11
6
6
4
2
1
14
14
8
4
3
1
2
3
4
3
1
1
3
3
3
1
0
0
6
3
1
2
1
3
6
11
21
15
5
12
27
22
17
10
8
5
13
5
4
7
5
2
4
2
