13
13
13
13
14
15
13
14
13
13
13
13
13
13
13
13
13
17
13
14
13
14
13
13
13
13
14
13
14
14
13
14
14
13
13
13
13
13
13
13
14
14
13
13
14
13
14
13
13
13
13
13
14
14
14
13
13
13
13
13
13
13
13
13
14
15
13
13
13
13
13
13
13
13
13
14
14
13
14
13
13
13
14
13
14
13
13
14
14
14
13
14
14
14
14
13
13
13
13
14
14
14
14
13
13
14
13
14
13
13
13
13
14
14
14
13
13
14
13
14
14
14
13
14
14
16
14
14
13
14
13
13
13
14
14
13
14
17
13
14
13
14
14
14
14
14
14
14
14
14
13
13
13
13
13
13
13
14
14
14
14
14
13
14
14
13
13
13
13
13
14
13
14
14
13
14
13
13
14
14
13
13
14
13
14
14
13
13
13
14
14
14
14
14
14
14
14
16
13
14
14
14
13
14
13
13
14
14
14
15
13
13
13
13
14
13
14
13
13
14
14
15
13
13
13
14
14
14
14
14
14
14
14
14
14
14
14
14
14
14
14
14
14
14
15
17
14
14
14
14
14
14
14
14
14
14
14
15
15
15
14
14
14
14
14
14
15
14
14
14
14
14
14
14
13
14
14
13
13
14
14
14
14
14
14
14
13
13
