1
1
1
1
1
1
1
1
12
56
85
78
82
99
99
100
100
100
100
100
100
100
100
100
100
99
100
100
98
99
99
98
99
99
99
99
99
98
99
99
98
99
99
98
99
99
99
99
99
99
99
99
99
100
99
100
99
99
100
98
99
99
99
99
99
99
99
98
100
100
99
100
99
99
99
99
100
99
99
99
99
100
100
99
99
99
99
99
99
100
99
99
100
99
100
99
98
99
99
101
100
100
101
100
101
101
100
101
100
101
101
99
101
100
100
101
101
101
101
100
101
101
100
101
99
101
100
99
101
101
100
101
100
101
101
100
101
101
100
101
100
102
100
100
101
100
101
100
100
101
100
101
102
100
101
101
100
101
100
101
101
100
101
100
101
101
99
101
101
100
95
97
96
96
96
96
98
101
97
95
98
94
98
95
97
97
95
96
95
96
95
96
95
97
98
101
94
97
95
96
96
95
96
96
96
98
96
97
96
97
102
98
95
98
95
98
96
98
97
94
98
96
97
96
98
96
101
99
97
96
98
97
97
98
94
97
96
97
96
96
96
97
98
102
98
99
96
99
96
98
98
96
98
96
98
96
99
96
102
99
98
96
99
96
96
90
84
83
84
89
98
95
96
96
98
102
101
101
98
99
100
99
100
96
96
95
97
101
