1
1
1
1
1
1
1
1
16
73
103
81
91
102
102
102
103
104
104
104
104
104
104
104
104
104
104
104
104
104
104
104
104
104
104
104
104
104
104
104
104
104
104
104
104
104
104
104
104
104
104
104
104
104
104
104
104
104
104
104
104
104
104
104
104
104
104
104
104
104
104
104
104
104
104
104
104
104
104
104
104
104
104
104
104
104
104
104
104
104
104
104
104
104
104
104
104
104
104
104
104
104
104
104
104
104
104
104
104
104
104
104
104
104
104
104
104
104
104
105
104
104
104
104
104
104
104
104
104
104
104
104
104
104
104
104
104
104
104
104
104
104
104
104
104
104
104
104
104
104
104
104
104
104
104
104
104
104
104
104
104
104
104
104
104
104
104
104
104
104
104
104
104
104
104
104
104
104
104
104
104
104
104
104
103
104
102
104
103
103
104
98
98
94
104
102
104
104
104
104
104
104
103
104
104
104
104
102
104
104
105
104
101
104
104
102
104
102
105
105
104
105
105
105
105
103
104
105
104
104
103
104
104
102
104
104
105
102
104
94
99
101
100
104
101
96
102
104
104
104
104
104
104
102
104
104
104
104
105
102
104
103
104
104
104
103
104
105
102
103
104
101
104
104
105
104
102
105
104
103
104
102
102
104
103
104
104
104
