0
0
0
0
0
0
0
0
17
86
97
79
88
99
96
92
98
99
99
95
96
95
99
100
99
99
99
98
99
99
98
99
98
98
100
98
99
99
98
99
99
98
99
99
98
100
100
98
99
98
99
99
98
99
99
98
99
100
98
99
99
98
100
99
98
100
99
99
101
99
99
99
98
100
100
100
99
97
92
95
94
98
100
101
100
99
98
100
99
98
100
99
99
101
98
99
100
98
98
99
98
100
99
98
100
99
98
99
98
99
99
98
99
99
98
99
99
99
100
99
99
98
98
99
99
98
100
99
98
100
100
98
99
99
98
100
100
101
101
101
101
100
98
100
101
100
100
101
99
102
103
103
104
103
103
103
100
101
100
101
103
103
102
101
100
102
100
99
101
98
93
96
92
95
94
94
96
102
95
93
95
92
96
93
95
95
93
94
93
95
92
95
93
95
98
100
92
96
92
95
94
94
94
94
95
96
96
96
95
97
99
96
92
95
94
98
95
98
96
96
98
94
95
92
97
95
103
101
95
94
93
95
94
96
92
93
94
97
95
97
92
93
92
100
91
95
91
94
93
93
95
92
95
90
95
91
94
91
100
95
95
91
93
91
95
91
95
94
97
94
96
95
95
95
97
103
95
94
96
94
96
93
97
94
96
93
94
93
