0
0
0
0
0
0
0
0
16
54
72
57
66
96
103
102
103
94
92
92
93
98
97
98
101
103
103
103
103
103
103
103
103
103
103
103
103
103
103
103
103
103
103
103
103
103
103
103
103
103
103
103
103
103
103
103
103
103
103
103
103
103
103
103
103
103
103
103
103
103
103
103
103
103
104
103
103
103
103
103
103
104
104
103
104
103
103
103
103
103
103
103
103
103
103
102
102
102
102
102
102
102
103
102
102
102
102
102
102
102
102
102
102
102
102
102
102
102
102
102
102
102
102
102
102
102
102
102
102
102
102
102
102
102
102
102
102
102
103
102
102
102
102
102
102
102
102
102
102
102
102
102
102
102
102
102
102
102
102
102
102
102
102
102
102
102
102
102
102
102
101
100
101
100
101
101
99
101
101
100
100
100
101
100
101
100
102
100
100
98
99
99
99
99
100
101
99
99
100
101
99
99
99
99
101
101
102
101
102
101
101
99
100
97
99
97
100
99
99
99
97
98
97
97
99
97
99
97
99
96
99
97
100
100
97
99
97
99
98
98
97
99
98
98
99
98
99
98
98
101
98
99
97
99
97
98
98
98
103
97
99
97
99
99
93
87
104
104
105
100
98
98
97
99
100
103
103
100
101
104
104
101
92
92
104
104
104
104
