1
1
1
1
1
1
1
14
70
64
53
68
65
65
65
65
65
64
64
67
66
65
64
65
64
64
64
65
64
64
63
64
64
66
66
64
64
64
65
65
64
64
64
63
63
63
64
64
65
65
64
65
64
64
64
64
64
64
66
64
64
64
64
64
64
63
64
65
68
68
67
68
68
67
67
67
68
71
72
72
72
72
72
73
89
90
90
91
89
90
91
93
94
94
91
91
94
94
92
91
92
94
93
95
93
93
97
94
96
95
97
93
97
97
93
96
97
97
97
95
96
97
97
96
97
97
94
97
93
95
97
95
95
97
96
95
97
95
94
97
97
97
93
98
95
97
94
97
97
95
96
94
97
95
97
96
97
97
97
97
96
97
97
97
97
97
97
96
86
92
96
97
96
95
97
97
98
98
91
97
97
97
93
98
97
97
97
97
98
98
96
97
97
97
97
97
96
98
97
97
94
98
98
90
93
93
99
98
99
97
97
98
97
97
97
98
98
92
82
85
97
98
99
93
100
100
84
94
99
98
98
97
98
97
98
99
78
98
99
99
98
98
81
96
93
92
99
99
99
90
97
97
92
93
98
97
96
96
98
95
98
98
94
98
97
97
98
98
99
99
91
98
92
98
96
97
98
97
85
96
96
98
91
95
97
93
93
97
