1
1
1
1
1
1
1
1
39
97
99
76
90
97
89
88
92
96
97
96
97
96
96
97
97
97
97
95
93
97
94
92
97
94
97
98
97
91
99
99
92
88
99
99
99
88
94
99
89
97
99
98
99
87
93
97
97
98
99
93
97
99
100
100
100
100
88
95
100
97
85
95
99
90
88
95
98
99
100
90
98
99
98
87
96
98
99
99
95
87
92
98
99
92
94
98
92
98
93
97
97
97
98
95
94
96
98
98
96
97
95
96
92
98
91
98
98
97
92
98
98
92
98
95
98
96
98
93
96
98
97
98
91
98
94
97
98
95
98
94
97
92
96
95
95
96
94
97
96
97
98
93
97
97
95
98
98
96
90
97
98
98
98
90
98
97
98
97
93
95
97
99
97
99
92
93
99
99
98
90
84
89
99
98
98
90
94
92
95
95
95
96
97
97
95
97
97
96
97
100
97
96
97
96
97
96
98
96
98
96
98
97
97
96
97
97
98
100
96
97
97
97
98
96
98
96
98
98
97
98
96
97
98
101
96
97
98
96
98
96
97
96
98
96
98
97
97
98
96
101
99
97
98
97
98
96
98
97
98
97
97
98
97
98
94
85
84
84
88
99
99
99
98
99
99
100
100
101
101
101
101
101
101
101
101
102
101
101
