0
0
0
0
0
0
0
0
14
57
75
63
82
89
93
94
96
96
96
96
96
96
96
96
96
96
96
96
96
96
96
96
96
96
96
96
96
96
96
96
96
96
96
96
96
96
96
96
96
96
99
99
100
100
99
99
99
99
100
99
100
99
99
100
99
100
99
99
99
99
99
99
99
99
99
100
100
99
99
99
99
99
100
99
99
100
100
100
100
100
100
99
100
100
99
99
99
100
99
100
99
100
99
99
99
100
99
99
99
99
99
99
99
99
99
99
99
100
99
99
99
99
99
99
99
99
99
99
99
99
99
99
99
99
99
100
100
100
99
99
99
100
99
100
99
99
100
100
100
100
100
100
100
100
100
100
100
100
100
100
100
100
99
100
100
100
100
100
100
99
100
100
100
99
100
100
100
100
100
100
100
99
100
100
100
100
100
100
100
100
100
100
100
100
100
100
100
100
100
100
100
100
100
100
100
100
100
100
100
100
99
99
99
99
99
99
99
99
99
99
100
99
99
99
100
99
100
99
99
99
99
99
99
99
99
99
99
99
99
99
99
100
100
99
100
99
99
89
98
97
99
99
99
99
99
99
99
99
99
99
99
100
100
100
99
100
99
99
100
99
100
100
100
99
100
100
100
100
100
100
100
100
100
100
100
100
100
100
