0
0
0
0
0
0
0
0
21
78
104
83
96
104
104
105
104
104
104
105
104
104
105
104
105
105
104
105
105
104
104
104
105
104
105
104
105
104
105
104
104
104
104
105
105
105
105
105
104
105
105
104
104
105
104
104
104
104
105
104
105
104
105
104
104
104
105
104
104
105
104
105
104
104
104
104
104
105
105
104
104
105
105
105
105
103
104
105
105
104
104
104
104
105
105
105
104
105
104
104
104
104
104
104
104
104
105
104
104
104
104
105
105
104
105
104
105
104
105
104
104
105
104
105
104
104
105
104
105
105
105
105
104
105
105
104
104
105
105
104
104
104
104
104
105
104
104
105
104
105
104
105
104
104
105
104
105
105
104
105
104
104
104
104
105
104
104
105
105
105
104
104
104
105
104
104
104
104
105
105
104
105
104
105
105
104
104
104
104
104
105
104
104
104
105
104
105
104
104
104
104
104
104
104
104
105
104
104
104
104
104
104
105
104
104
104
105
104
104
104
105
104
105
104
104
105
104
104
104
104
104
104
104
104
104
104
104
105
104
104
104
104
104
104
105
104
104
104
104
104
104
104
105
104
104
105
105
105
104
104
104
104
104
104
105
105
105
105
104
105
104
104
104
104
104
104
104
105
105
104
105
105
105
104
104
104
104
105
