0
0
0
0
0
0
0
25
101
103
80
92
103
103
103
103
103
103
104
103
103
103
103
103
103
103
103
103
103
103
103
103
103
103
103
103
103
103
103
103
103
103
103
103
103
103
103
103
103
103
103
103
103
104
103
103
103
103
103
103
103
103
103
103
103
104
102
103
103
103
103
103
103
103
103
103
103
104
103
103
103
103
103
103
103
102
103
103
104
103
103
103
103
103
103
103
103
103
103
103
103
104
103
103
103
103
103
102
102
103
103
103
103
104
103
103
103
103
103
103
103
103
103
102
103
104
103
103
103
103
103
103
103
103
103
103
103
104
103
103
103
103
103
103
103
103
103
102
103
104
104
103
103
103
103
103
103
103
103
103
103
104
103
103
103
103
103
103
103
103
103
103
103
104
102
103
103
103
103
103
103
102
103
103
103
104
102
97
98
94
98
95
98
95
97
96
97
99
104
97
96
97
95
97
95
98
95
98
95
98
96
97
96
96
97
100
103
96
96
98
95
98
95
98
95
98
96
96
97
95
98
100
104
96
96
98
96
98
95
98
95
98
95
98
97
96
98
95
103
102
96
98
95
98
95
97
95
97
97
95
97
96
98
103
91
100
102
102
102
102
102
102
102
102
102
102
102
102
102
102
102
102
102
102
102
102
102
102
