0
0
0
0
0
0
0
0
20
93
102
81
96
103
103
103
102
103
103
102
103
103
102
102
103
102
102
103
102
102
103
103
102
103
103
102
103
103
102
103
103
102
102
103
102
103
103
102
102
103
102
102
103
102
102
103
102
102
103
103
102
103
103
102
103
103
102
103
103
103
103
103
102
103
103
102
102
103
103
102
103
103
103
103
103
102
102
103
103
102
103
102
102
103
102
102
103
102
102
103
102
102
103
102
102
103
103
102
103
103
102
103
103
102
103
103
101
103
103
101
103
103
102
103
103
102
103
103
102
103
103
102
103
103
103
102
103
103
103
103
103
102
103
103
103
103
103
103
103
103
103
103
103
103
103
103
103
103
103
103
103
103
103
102
103
103
103
103
103
102
103
103
103
103
103
103
103
103
103
103
103
102
103
103
103
103
103
103
103
103
103
102
103
103
103
103
103
103
102
103
103
103
103
103
103
103
103
103
103
103
103
103
103
102
103
103
103
103
103
103
102
103
102
102
103
103
102
103
103
102
103
103
102
103
103
102
102
103
102
102
103
102
102
103
103
102
103
102
102
103
102
102
103
103
102
103
102
102
103
103
102
103
103
102
103
103
102
103
102
102
103
103
102
102
103
102
102
103
103
103
102
102
102
103
103
102
103
103
