0
0
0
0
0
0
0
0
0
0
0
0
0
0
0
0
0
0
0
0
0
0
0
0
0
0
0
0
0
0
0
0
1
0
81
67
20
15
15
15
5
0
0
0
73
98
80
36
26
79
103
103
104
103
103
104
104
103
100
101
102
103
100
101
100
99
100
100
97
98
98
98
98
98
79
83
84
54
47
12
71
102
103
103
103
103
103
103
103
102
103
103
103
103
103
103
103
104
103
103
103
103
103
103
103
104
102
103
103
104
103
103
104
103
102
103
103
103
103
104
103
103
103
103
103
103
103
103
103
103
103
103
103
103
102
102
103
102
103
103
103
103
103
103
103
103
103
103
103
102
103
103
102
104
103
103
104
103
104
102
100
100
101
102
101
101
101
102
99
89
80
69
68
67
68
69
69
68
68
70
69
69
69
68
69
67
68
67
68
68
67
67
66
67
51
39
29
29
29
29
29
29
29
29
29
29
23
15
7
0
0
0
0
0
0
0
0
0
0
0
1
0
0
0
21
6
95
102
103
104
103
103
103
103
104
104
103
103
102
104
104
103
104
103
103
103
103
103
103
103
104
103
104
104
104
103
103
103
103
104
103
103
103
103
103
103
103
101
98
98
98
98
98
93
86
86
86
92
102
102
101
95
80
72
69
89
85
26
