0
0
0
0
0
0
0
0
0
0
0
0
0
0
0
0
0
0
0
0
0
0
0
0
0
0
1
0
0
0
0
0
0
0
0
1
0
83
64
19
9
0
52
40
15
6
0
74
98
88
44
40
76
94
101
101
100
100
101
101
101
100
100
100
99
100
101
99
99
99
98
95
99
98
98
91
80
77
89
90
64
37
1
67
103
102
102
102
102
102
102
102
102
102
102
102
103
102
102
102
102
102
102
102
102
102
102
102
102
102
102
102
102
102
103
103
103
102
103
103
103
102
103
102
102
102
102
102
103
102
102
102
102
102
102
102
102
102
102
102
102
102
102
102
102
103
104
104
104
105
104
104
104
104
104
104
104
104
103
102
102
102
102
102
102
101
100
101
100
100
99
100
101
102
101
92
82
83
82
81
81
82
83
82
80
81
83
81
80
77
78
79
80
80
80
79
79
79
79
78
79
78
78
80
78
61
54
53
52
40
40
24
15
15
15
15
15
7
1
1
1
1
1
1
1
1
1
14
6
92
101
101
100
101
100
101
100
101
100
101
101
101
101
101
101
100
101
100
101
100
101
99
101
99
101
100
101
100
101
100
101
100
101
100
101
100
101
100
101
100
101
101
100
101
100
101
101
101
100
101
100
101
100
101
100
101
100
100
