1
1
1
1
1
1
1
1
1
1
1
1
1
1
1
1
1
1
1
1
1
1
1
1
1
1
1
1
1
1
1
1
1
1
1
1
1
1
2
1
78
63
16
1
1
44
51
17
15
8
71
95
94
86
61
81
91
96
94
95
95
97
96
97
95
96
93
95
93
94
92
92
89
92
91
95
92
92
93
91
75
77
78
41
41
40
78
96
93
95
95
97
96
97
94
95
94
95
94
94
94
96
92
90
89
92
90
91
90
92
90
92
92
94
93
93
92
93
93
94
92
92
92
94
92
92
94
97
97
97
96
97
97
96
96
95
95
98
96
96
95
98
95
96
96
97
94
95
88
90
87
88
85
86
85
85
84
84
84
85
85
86
84
85
84
86
85
90
91
96
96
98
98
99
97
98
96
98
98
99
95
85
82
82
72
69
68
68
67
67
67
69
69
68
67
69
69
68
68
68
67
69
69
69
62
56
56
55
44
43
43
43
43
43
43
43
43
43
43
43
43
43
43
43
43
43
43
43
35
29
39
51
97
97
97
97
97
97
97
97
88
85
85
85
85
85
85
85
85
85
85
85
85
85
85
85
85
85
85
85
85
85
85
85
85
85
85
85
85
85
85
85
85
85
85
85
85
72
71
65
57
49
42
58
100
100
101
99
