0
0
0
0
0
0
0
0
0
0
0
0
0
0
0
0
0
0
0
0
0
0
0
0
0
0
0
1
0
80
56
11
0
0
51
50
18
15
12
77
98
82
34
19
80
104
103
103
104
105
103
103
102
102
103
101
102
102
103
102
100
99
100
99
99
99
98
97
99
98
98
93
76
47
22
61
103
103
103
103
103
104
104
103
104
104
103
103
104
103
103
103
103
104
104
104
104
104
104
104
104
104
103
104
104
104
104
104
104
104
103
104
104
104
104
104
103
103
103
104
104
104
103
104
104
104
104
103
104
103
104
104
103
104
104
104
103
100
104
104
104
104
104
103
103
103
103
103
102
102
103
103
103
103
102
101
100
100
101
102
100
100
100
99
99
99
98
99
98
98
98
98
98
97
95
95
94
91
93
93
90
91
89
89
88
90
89
91
93
92
92
90
91
91
88
76
58
52
34
26
14
13
3
0
0
0
0
0
0
0
0
0
0
0
0
0
0
1
0
14
25
99
103
104
104
104
104
103
103
104
104
103
103
104
103
103
104
103
103
104
103
104
104
103
103
104
103
103
103
104
103
103
104
104
104
103
103
104
104
104
103
103
104
103
103
104
104
104
104
103
104
104
104
104
104
104
104
100
93
86
98
78
58
51
43
30
29
29
