0
0
0
0
0
0
0
0
0
0
0
0
0
0
0
0
0
0
0
0
0
0
0
0
0
0
1
1
79
58
11
0
0
46
50
17
15
15
74
96
94
57
39
75
96
96
96
96
96
96
95
96
94
96
95
95
95
95
95
95
93
93
92
93
93
94
94
93
86
90
94
74
58
28
62
95
96
96
96
96
96
96
96
96
96
97
97
97
97
97
97
96
97
96
97
97
96
97
96
97
97
97
97
97
97
97
97
96
97
96
97
97
96
97
96
97
97
97
97
96
96
96
97
97
97
96
97
97
96
96
97
97
97
96
96
96
97
96
97
97
96
96
96
96
97
96
97
96
96
97
97
97
97
96
96
96
96
96
96
96
96
96
96
96
95
91
83
82
82
82
82
75
69
68
68
69
69
70
70
70
69
67
68
67
68
68
68
68
68
69
69
68
68
63
57
43
43
43
41
29
29
29
29
3
0
1
1
0
0
0
0
0
0
0
0
0
0
0
15
40
103
103
102
103
102
103
103
102
104
102
104
102
103
103
102
104
103
103
103
103
104
103
104
103
103
104
103
104
103
103
104
103
104
103
104
104
103
104
103
104
104
104
104
103
104
104
104
104
103
104
104
104
103
104
104
103
91
86
86
98
98
92
77
55
33
29
24
15
