0
0
0
0
0
0
0
1
0
0
0
0
0
0
0
0
0
0
0
0
0
0
0
0
0
0
0
0
0
0
0
0
0
0
1
0
80
63
17
7
0
48
45
15
15
8
71
98
77
48
11
75
104
104
104
104
102
104
102
103
104
101
104
102
102
101
101
101
101
99
99
99
99
98
98
96
92
95
98
81
68
53
74
101
102
103
102
102
102
102
102
103
102
103
102
103
103
103
103
103
103
103
103
102
104
104
104
103
103
104
104
103
104
104
104
104
105
104
103
103
101
100
101
101
103
104
104
104
104
104
104
104
104
104
104
104
104
104
103
103
102
103
103
104
104
103
104
103
101
101
101
102
102
103
102
101
100
102
103
103
102
101
99
100
101
101
101
100
99
98
93
94
95
94
92
93
94
94
93
93
93
93
84
80
80
82
81
80
81
81
71
57
56
49
38
28
27
15
15
15
15
15
15
5
0
0
0
0
0
0
0
0
0
0
0
0
0
0
0
0
0
0
0
0
0
0
14
49
102
103
104
104
105
104
104
104
104
104
104
103
103
104
103
104
102
104
103
104
104
104
104
104
104
104
104
104
104
104
103
104
104
104
103
104
104
104
104
105
104
104
104
104
104
104
104
104
105
104
104
104
103
104
103
102
98
91
87
98
