0
0
1
0
0
0
0
0
0
0
0
0
0
0
0
0
0
0
0
0
0
0
0
0
0
0
0
0
0
0
1
0
58
67
30
8
0
49
33
6
0
0
70
100
97
65
41
76
90
103
103
103
103
102
102
101
101
100
101
100
100
101
102
101
101
98
98
97
99
100
97
83
78
85
70
43
13
0
70
104
104
104
104
104
104
104
104
104
104
104
104
104
104
104
104
104
104
103
103
103
103
103
104
104
104
103
103
103
103
103
103
103
104
104
103
103
103
103
103
103
103
103
103
102
103
103
103
103
103
103
103
103
102
103
103
103
103
103
103
103
103
103
103
103
103
103
103
102
102
102
102
103
103
102
102
102
102
102
102
101
100
100
99
100
100
101
102
101
100
100
99
100
99
99
100
100
100
94
93
94
95
94
95
94
95
95
92
93
93
83
70
60
57
62
63
62
64
64
64
52
52
52
47
26
14
11
1
0
0
0
0
0
0
0
0
0
0
0
0
0
0
0
11
70
102
103
103
103
103
103
103
102
103
103
103
103
103
103
103
103
103
103
103
103
103
103
103
103
103
103
103
103
102
103
103
103
103
103
103
103
103
103
103
103
103
103
103
103
103
103
103
103
103
103
103
103
103
103
103
103
103
90
72
94
98
84
72
60
