0
1
0
0
0
0
0
0
0
0
0
0
0
0
0
0
0
0
0
0
0
0
0
0
0
0
0
0
0
0
0
0
1
1
57
64
45
23
13
13
6
0
0
0
64
91
76
71
52
68
80
87
82
80
86
79
83
83
81
81
80
84
81
83
85
79
85
82
84
83
87
86
80
86
90
83
78
45
33
16
54
89
88
91
89
90
89
87
86
89
88
84
86
86
91
91
89
87
85
89
88
87
83
88
83
90
92
94
84
86
89
85
85
83
86
93
84
91
90
89
84
88
86
88
93
89
86
84
92
87
88
87
85
80
88
89
87
88
81
84
92
90
85
86
83
89
88
88
90
88
86
87
91
91
89
91
81
91
89
88
84
82
95
87
88
89
88
86
86
89
84
85
86
87
93
87
89
89
89
87
90
90
88
87
89
86
90
83
80
78
70
70
72
67
74
74
71
66
63
62
60
61
61
51
50
50
50
50
50
50
50
50
50
50
50
49
50
50
50
50
50
50
47
38
49
39
91
97
97
97
97
97
97
97
90
88
87
87
86
76
76
76
76
76
76
76
77
76
68
64
64
65
64
64
64
64
64
64
64
64
65
65
65
64
64
54
52
52
52
40
44
43
42
43
46
48
50
64
91
93
96
83
56
38
38
79
87
46
