1
1
1
1
1
1
1
1
21
98
100
76
0
0
0
1
1
1
1
1
1
1
1
1
1
1
1
1
1
1
1
1
44
84
16
1
1
1
1
1
1
1
1
1
1
1
1
1
1
1
1
1
1
1
1
1
1
1
1
1
1
1
1
1
1
1
1
1
1
1
1
1
1
1
1
1
1
1
1
1
1
1
1
1
1
1
1
1
1
86
101
101
101
101
101
100
102
100
102
100
101
101
102
100
98
93
74
57
39
29
29
29
29
29
28
15
3
1
1
1
1
1
1
1
1
1
1
1
1
1
1
1
1
1
1
1
1
1
1
1
86
51
12
1
1
1
1
1
1
1
1
1
1
1
1
1
1
1
1
1
1
1
1
1
1
1
1
1
1
84
101
100
101
100
101
101
101
101
100
101
100
101
100
102
100
101
100
101
101
101
101
101
101
100
101
100
101
100
101
100
102
100
101
101
101
101
101
101
100
101
101
101
101
101
101
101
101
100
101
101
101
101
100
101
101
101
101
100
96
96
96
97
96
97
97
89
78
70
70
61
57
57
49
43
39
15
15
15
15
15
15
15
15
15
15
15
15
26
4
0
1
1
1
1
1
1
1
1
1
20
2
15
1
74
33
41
0
2
50
2
0
1
1
1
1
1
1
1
