0
0
0
0
0
0
0
0
0
0
0
0
0
0
0
0
0
0
0
0
0
0
0
0
0
0
0
21
73
33
15
15
50
81
9
0
0
0
8
103
53
18
15
15
15
15
15
15
15
15
15
15
15
15
15
37
60
22
15
14
0
73
68
37
15
15
8
0
0
0
22
105
96
58
34
29
29
4
0
0
0
0
0
0
0
0
0
0
1
94
104
105
105
104
105
105
105
105
105
105
105
103
104
104
99
98
98
99
99
98
98
99
99
99
98
105
95
44
29
26
1
0
0
0
0
0
0
0
0
0
0
0
0
0
88
104
94
67
57
44
87
31
15
11
0
0
0
8
102
105
105
105
99
95
87
62
44
44
40
29
29
17
15
15
15
7
0
0
0
82
104
104
104
104
104
104
104
104
104
104
105
105
105
105
105
105
104
105
104
105
105
105
105
104
105
105
105
105
105
105
105
105
105
104
105
105
104
105
104
105
105
105
105
105
104
105
105
105
105
105
104
103
99
98
86
86
86
86
79
72
72
72
67
57
44
43
43
43
43
43
43
43
43
43
43
44
44
43
43
44
34
29
29
27
15
15
15
15
15
13
0
0
0
0
0
0
0
0
0
0
0
0
0
0
0
0
0
9
99
27
91
75
13
0
93
100
73
23
