1
1
1
1
1
1
1
1
1
1
1
1
1
1
1
1
1
1
1
1
1
1
1
1
1
1
1
20
77
27
12
0
45
89
13
0
0
0
7
103
54
18
15
15
3
0
0
1
1
1
1
1
1
1
1
31
61
17
6
0
0
73
62
38
18
15
15
11
0
0
25
104
99
81
28
1
0
1
0
0
0
0
0
0
0
0
0
0
1
95
104
103
103
103
104
104
104
104
104
104
104
104
103
103
103
103
90
61
45
43
43
43
43
44
60
104
103
88
64
33
29
22
11
0
0
1
0
0
1
1
1
0
0
1
87
102
94
86
86
76
95
48
12
0
0
0
0
7
99
103
103
103
102
98
98
95
50
15
15
15
2
1
0
0
0
0
0
0
0
84
103
103
104
104
104
104
104
104
104
104
104
104
104
104
104
104
104
104
104
104
104
104
104
104
104
104
104
104
104
104
104
104
104
104
104
104
104
104
104
104
104
104
104
104
104
104
104
104
104
104
104
103
104
104
103
104
104
103
104
104
104
102
98
98
98
98
84
72
69
61
61
61
61
55
53
51
36
16
15
15
15
15
15
15
15
15
15
15
15
15
15
15
15
15
15
6
0
0
0
0
0
0
0
0
0
0
0
5
100
36
85
100
38
0
86
98
59
43
