0
0
0
0
0
0
0
0
18
53
97
78
1
1
0
1
1
1
0
1
0
0
0
0
0
1
0
0
0
0
0
0
1
34
15
14
1
0
0
0
0
0
0
0
0
0
0
0
0
0
0
0
0
0
0
0
0
0
0
0
0
0
0
0
0
0
0
0
0
0
0
0
0
0
0
0
0
0
0
0
0
0
0
0
0
0
0
0
1
90
103
103
103
103
103
103
103
103
103
103
103
103
103
103
94
52
4
0
0
1
1
1
1
0
0
0
0
0
0
0
0
0
0
0
0
0
0
0
0
0
0
0
0
0
0
0
0
0
0
1
87
66
25
5
0
0
0
0
0
0
0
0
0
0
0
0
0
0
0
0
0
0
0
0
0
0
0
0
0
81
103
103
103
102
103
103
103
103
103
103
103
103
103
103
103
103
103
103
103
103
103
103
103
103
103
103
103
103
103
103
103
103
103
103
103
103
103
103
103
103
103
103
103
103
103
102
103
103
103
103
103
103
103
103
103
102
92
86
86
86
86
76
72
72
72
72
72
66
57
57
57
48
43
43
39
29
29
29
29
29
29
29
22
15
15
15
15
22
20
0
1
1
1
1
0
1
1
0
0
19
3
14
0
68
27
49
0
1
1
1
0
1
1
0
0
0
0
0
