0
0
0
0
0
0
0
0
18
72
104
71
0
0
0
0
0
0
0
2
1
1
0
0
0
0
0
0
0
0
0
0
0
0
0
0
0
0
0
0
0
0
0
0
0
0
0
0
0
0
0
0
0
0
0
0
0
0
0
0
0
0
0
0
0
0
0
0
0
0
0
0
0
0
0
0
0
0
0
0
0
0
0
0
0
0
0
0
1
37
44
44
43
44
43
61
103
103
103
103
103
103
103
103
102
97
97
98
98
98
97
97
83
65
35
29
21
15
10
0
0
0
0
0
0
0
0
0
0
0
0
0
0
0
0
0
0
0
0
2
90
52
10
0
0
0
0
0
0
0
0
0
0
0
0
0
0
0
0
0
0
0
0
0
0
0
0
0
1
84
97
97
97
98
98
98
98
97
98
98
97
98
97
97
98
98
98
98
98
98
98
98
97
97
97
98
103
104
104
104
103
103
103
103
103
103
103
104
104
103
103
104
103
103
103
104
103
103
103
103
103
104
103
103
104
103
103
103
103
103
103
98
96
84
59
58
58
58
57
44
43
44
43
43
44
43
34
29
29
29
29
29
29
29
29
29
29
41
32
29
19
15
12
1
0
0
0
0
1
16
1
12
0
74
34
37
0
0
0
0
0
0
0
1
0
0
0
0
