0
0
0
0
0
0
0
0
7
59
72
55
0
0
0
0
0
0
1
0
0
0
0
0
0
0
0
0
0
0
0
0
0
0
0
0
0
0
0
0
0
0
0
0
0
0
0
0
0
0
0
0
0
0
0
0
0
0
0
0
0
1
0
0
0
0
0
0
0
0
0
0
0
0
0
0
0
0
0
0
0
0
0
0
0
0
0
0
0
0
0
0
0
0
0
20
71
71
73
74
74
75
75
75
75
75
75
75
75
75
75
75
97
97
96
87
81
56
39
19
1
1
1
1
0
0
0
0
0
0
0
0
0
0
0
0
0
0
0
0
0
0
0
0
0
0
0
0
0
0
0
0
0
0
0
0
0
0
0
0
0
0
0
0
0
0
0
0
0
0
0
0
0
0
0
0
0
0
0
0
0
0
0
0
0
0
0
0
0
0
0
0
0
0
0
1
71
86
100
102
102
103
104
104
104
104
104
104
104
104
104
104
104
104
104
104
104
104
104
104
104
104
104
104
104
104
104
104
104
104
104
104
104
104
104
104
104
104
104
96
97
90
98
89
97
90
95
94
83
86
93
96
87
86
84
82
82
79
80
83
83
84
78
65
50
43
34
29
29
15
15
15
15
55
35
34
1
1
1
1
1
1
1
1
1
1
1
1
