1
1
1
1
1
1
1
1
18
102
101
76
1
1
1
1
1
1
1
1
0
0
0
2
0
0
0
0
0
0
0
0
0
0
0
0
0
0
1
0
0
0
0
0
0
0
0
0
0
0
0
0
0
0
0
0
0
0
0
0
0
0
0
0
0
0
0
0
0
0
0
1
0
0
0
0
0
0
0
0
0
0
0
0
0
0
0
0
0
0
0
0
0
0
0
22
102
102
102
102
103
102
102
103
102
102
102
102
103
103
100
98
93
72
54
28
3
0
0
0
0
0
0
0
0
0
0
0
0
0
0
0
0
0
0
0
0
0
0
0
0
0
0
0
0
0
0
0
0
0
0
0
0
0
0
0
0
0
0
0
0
0
0
0
0
0
0
0
0
0
0
0
0
0
0
0
0
0
0
0
0
0
0
0
0
0
0
0
0
0
0
0
0
0
0
0
92
103
102
103
102
102
102
101
102
101
103
101
101
103
100
103
101
101
102
101
102
101
103
101
103
101
102
102
101
102
100
103
101
101
102
102
100
102
102
100
100
97
97
97
97
97
97
97
86
86
86
83
70
58
43
23
1
0
0
0
0
14
7
0
0
0
0
0
0
0
0
0
1
22
1
14
0
78
34
42
0
0
0
0
0
0
0
0
0
0
0
0
