0
0
0
0
0
0
0
0
11
83
99
78
1
0
0
0
0
0
0
0
0
0
0
0
0
0
0
0
0
0
0
0
0
0
0
0
0
0
0
0
1
1
1
1
1
1
1
1
1
1
1
1
1
1
1
1
1
1
1
1
1
1
1
1
1
1
1
1
1
1
1
1
1
1
1
1
1
1
1
1
1
1
1
1
1
1
1
1
1
1
1
1
1
1
0
22
103
104
103
103
103
103
103
103
103
103
103
103
103
104
100
91
66
45
11
0
0
0
0
0
1
0
0
0
0
0
0
0
0
0
0
0
0
0
0
0
0
0
0
0
0
0
0
0
0
1
0
0
0
0
0
0
0
0
0
0
0
0
0
0
0
0
0
0
0
0
0
0
0
0
0
0
0
0
0
0
0
0
0
0
0
0
0
0
0
0
0
0
0
0
0
0
0
0
0
0
87
102
76
73
73
73
73
73
73
73
77
88
98
100
100
100
100
100
100
100
100
100
100
99
100
100
100
100
100
100
100
100
100
100
100
100
100
100
100
100
100
100
96
94
92
94
94
95
94
94
91
85
86
85
85
85
85
84
75
74
74
69
69
68
56
34
26
15
15
3
1
1
1
21
3
16
1
63
26
45
0
1
0
0
0
0
0
0
0
1
1
1
