1
1
1
1
1
1
1
1
1
1
1
1
1
1
1
1
1
1
1
1
1
1
1
1
1
1
1
22
74
23
6
1
45
79
18
3
1
1
6
100
47
10
0
1
0
0
0
0
0
0
0
0
1
1
1
27
60
15
1
1
1
68
54
26
14
1
53
85
45
17
22
102
91
80
70
47
25
2
1
1
1
1
1
1
1
1
1
1
1
86
100
101
101
100
100
98
99
99
101
101
100
99
100
100
99
96
51
22
13
15
14
15
15
15
37
96
92
64
55
17
15
7
0
0
0
1
1
1
1
1
1
1
1
1
86
100
97
97
92
77
91
34
20
0
0
0
1
8
97
102
101
100
101
86
85
84
71
65
57
57
57
45
41
27
15
15
15
7
1
68
102
103
103
103
104
104
103
104
104
104
104
104
104
104
104
104
104
104
103
104
103
104
103
104
103
103
100
102
101
103
103
103
102
102
103
103
103
103
103
103
102
103
101
102
102
101
102
100
101
102
101
101
102
103
102
103
102
103
102
101
102
98
70
59
55
56
56
54
43
38
28
29
29
29
17
12
1
1
0
1
1
0
1
1
1
1
1
1
1
1
1
1
1
1
1
1
1
1
1
1
1
1
1
1
1
1
1
3
96
34
9
1
1
1
79
102
99
84
