0
0
0
0
0
0
0
0
21
102
104
78
0
0
0
0
0
0
0
0
0
0
0
0
0
0
0
0
0
0
0
0
0
0
0
0
0
0
1
0
1
1
0
0
0
0
0
0
0
0
0
0
0
0
0
0
0
0
0
0
0
0
0
0
0
0
0
0
0
0
0
0
0
0
0
0
0
0
0
0
0
0
0
0
0
0
0
0
0
0
0
0
0
0
0
30
103
104
104
104
104
105
105
104
105
105
101
98
98
83
48
19
15
15
4
0
0
0
0
0
0
0
0
0
0
0
0
0
0
0
0
0
0
0
0
0
0
0
0
0
0
0
0
0
0
0
0
0
0
0
0
0
1
0
0
0
0
0
0
0
0
0
0
0
0
0
0
0
0
0
0
0
0
0
0
0
0
0
0
0
0
0
0
0
0
0
0
0
0
0
0
0
0
0
0
1
92
102
103
103
103
103
103
102
103
103
103
103
103
102
103
103
103
103
103
102
103
103
103
103
103
102
103
103
103
103
103
102
103
103
103
103
103
98
97
97
97
90
85
82
85
78
59
57
57
40
16
15
12
0
0
0
0
0
0
0
0
16
3
0
0
0
0
0
0
0
0
0
1
22
1
14
0
80
35
42
0
0
0
0
0
0
0
0
0
0
0
0
