19
19
19
19
19
19
19
19
19
18
19
19
19
19
19
19
19
19
19
19
19
19
19
19
19
18
17
17
17
17
17
17
18
17
17
17
17
17
17
18
17
17
17
17
17
17
18
17
16
17
17
17
17
13
15
15
15
15
15
16
14
15
15
15
15
15
15
15
15
15
15
15
15
15
16
14
15
15
15
15
15
15
15
15
15
15
15
15
15
16
14
15
15
15
15
14
15
11
2
2
2
2
2
2
2
2
2
2
2
2
2
2
2
2
2
2
2
2
2
2
2
2
2
2
2
2
2
2
2
2
2
2
2
2
2
2
2
2
2
2
2
2
2
2
2
2
2
2
2
2
2
2
2
2
2
2
2
2
2
2
2
2
2
2
2
2
2
2
2
2
2
2
2
2
2
2
2
2
2
2
2
2
2
2
2
2
2
2
2
2
2
2
2
2
2
2
2
2
2
2
2
2
2
2
2
2
2
2
2
2
2
2
2
2
2
2
2
2
2
2
2
2
2
2
2
2
2
2
2
2
2
2
2
2
2
2
2
2
2
2
2
2
2
2
2
2
2
2
2
2
2
2
2
2
2
2
2
2
2
2
2
2
2
2
2
2
2
2
2
2
2
2
2
2
2
2
2
2
2
2
2
2
2
2
2
2
2
2
