6
5
5
5
5
5
5
5
7
9
17
9
10
6
9
6
9
9
11
9
15
12
6
11
13
12
13
14
13
15
16
16
19
20
24
31
32
21
5
5
5
7
9
5
8
21
5
5
5
5
5
5
5
5
6
5
5
5
5
5
5
5
5
9
7
5
6
5
5
5
5
5
5
5
5
7
9
5
5
5
5
5
7
9
5
5
5
5
5
5
5
7
9
16
7
5
5
5
5
5
5
5
5
5
9
7
5
5
5
5
5
5
5
5
6
5
5
5
10
5
5
5
5
5
6
5
6
5
5
5
5
5
5
5
5
5
5
11
5
5
5
5
5
5
5
5
5
5
5
5
5
5
5
5
5
5
5
5
5
7
9
5
5
5
5
5
5
5
5
5
5
5
5
5
5
6
5
5
5
5
8
8
5
5
5
5
5
5
5
5
5
5
5
6
10
5
5
5
6
10
9
5
5
5
5
5
5
5
5
5
5
8
8
5
5
5
7
11
11
11
11
11
9
8
6
17
17
15
5
5
8
8
5
5
5
5
5
5
5
5
5
5
5
5
5
5
5
5
9
7
5
5
5
5
5
5
5
5
5
5
5
5
5
5
5
6
9
9
7
10
13
11
14
50
77
84
45
10
7
13
16
17
13
11
7
7
7
6
