3
4
5
5
3
3
3
3
3
3
3
3
3
3
3
3
3
8
5
3
4
3
4
10
9
10
8
8
13
25
25
12
12
16
18
19
7
3
3
3
3
3
3
3
4
13
3
3
7
3
3
3
3
3
3
3
3
3
3
3
3
3
3
3
3
3
3
3
3
3
3
3
3
3
3
3
6
3
3
3
3
3
4
5
3
3
3
3
3
3
3
3
4
3
3
3
3
3
3
3
8
22
3
3
5
3
3
3
3
3
3
3
3
3
4
5
5
4
3
3
3
3
3
3
3
3
3
3
3
3
3
3
5
3
3
3
3
3
3
3
3
3
3
3
3
3
3
3
3
3
3
3
3
3
3
3
5
3
3
3
3
3
3
3
3
3
3
3
3
3
3
3
3
3
3
3
3
3
4
5
5
5
5
5
8
6
5
7
5
8
9
12
10
8
12
8
12
10
5
5
4
3
3
3
3
3
3
3
3
6
3
4
6
3
3
3
3
3
3
3
3
3
3
3
4
5
7
4
4
6
4
3
3
3
3
3
3
3
3
3
5
3
3
3
3
3
3
4
3
3
3
3
3
3
3
3
3
3
3
3
3
3
3
3
3
3
4
3
6
3
4
3
3
3
5
4
4
3
3
4
5
5
6
5
4
4
4
3
