5
5
5
4
4
5
5
5
5
5
5
7
4
13
36
44
41
47
52
44
49
55
72
66
66
74
65
48
66
69
58
67
67
69
65
69
58
64
68
72
60
58
73
71
72
55
69
67
58
71
66
72
60
60
58
66
72
68
72
62
71
71
59
69
72
65
60
68
72
68
57
62
70
57
55
70
65
73
71
56
71
73
66
59
68
65
70
74
58
60
58
68
72
60
59
68
66
68
65
76
62
64
65
60
65
69
65
72
62
68
63
67
62
69
63
62
67
70
63
71
68
61
69
64
68
55
70
55
64
70
59
73
62
67
62
64
69
65
64
67
65
64
65
73
60
74
64
64
66
75
67
60
65
65
58
60
60
59
56
60
60
65
65
60
64
71
71
71
62
70
66
75
69
76
62
66
66
69
71
54
67
62
68
75
71
64
73
63
61
72
65
66
71
65
71
71
68
58
69
70
63
64
70
62
62
69
62
68
65
65
71
67
64
61
72
62
68
74
66
65
71
63
74
66
65
63
65
61
68
73
66
64
66
68
67
75
63
62
61
59
72
63
61
53
66
64
65
65
64
65
65
66
71
59
68
66
70
65
58
69
69
65
61
64
68
65
59
67
64
57
65
57
67
69
59
64
63
69
68
60
68
68
70
57
67
66
65
63
