3
3
4
3
3
3
3
3
3
4
3
3
3
2
3
3
3
3
3
3
3
2
2
3
2
3
3
4
3
3
3
3
3
3
4
3
2
2
2
3
2
3
2
2
2
3
3
3
3
3
3
3
3
4
3
4
3
3
3
3
3
4
3
4
3
4
3
3
3
3
3
4
3
3
3
3
13
21
3
3
3
3
3
3
3
3
3
3
3
3
3
3
3
3
3
3
4
8
4
3
3
3
3
3
3
3
3
3
3
3
3
3
3
3
3
3
3
3
2
3
3
3
3
3
3
2
4
3
2
2
3
2
2
2
3
3
3
3
3
3
2
2
2
2
2
2
3
3
3
3
2
3
2
2
2
2
2
2
3
3
3
2
2
2
2
3
3
3
3
3
3
3
3
3
2
2
3
3
2
2
3
3
3
3
3
3
2
2
2
3
3
3
2
3
3
3
3
3
2
3
3
3
3
3
3
3
3
3
3
3
3
3
6
4
3
4
7
4
9
10
6
3
2
2
2
2
2
6
6
3
3
3
2
3
2
4
3
3
3
3
3
3
3
3
4
3
3
3
4
3
3
3
3
4
5
3
3
3
3
3
3
3
4
3
3
3
3
3
3
3
4
3
3
3
3
3
4
4
5
3
4
3
3
3
3
5
5
4
