13
13
14
14
14
17
16
15
17
16
15
15
13
13
13
14
14
14
14
13
14
14
14
14
14
14
14
14
14
14
17
15
14
14
14
14
14
14
14
14
14
14
14
14
14
14
14
14
14
14
14
14
14
14
14
14
14
14
14
13
14
13
14
14
16
14
15
16
15
15
17
14
14
14
15
20
30
15
15
15
15
15
15
15
15
15
15
16
15
15
15
15
15
16
15
14
14
15
14
16
14
14
14
14
14
14
14
14
14
14
14
14
14
14
14
14
14
14
14
14
14
14
14
14
14
14
14
14
14
14
14
14
14
14
14
15
27
19
18
18
19
18
18
18
18
18
19
18
24
21
19
18
22
18
18
17
19
18
18
19
18
18
15
14
14
14
14
14
14
14
14
14
14
14
14
14
14
14
14
14
14
14
14
14
14
14
14
14
14
13
14
14
14
14
14
14
14
14
14
14
14
14
14
14
13
14
14
14
14
14
14
14
13
14
14
14
13
13
14
14
14
14
13
14
13
14
14
14
14
14
14
21
14
14
14
15
14
14
14
14
14
14
15
16
16
28
15
16
22
16
15
15
15
14
14
14
15
20
15
14
15
15
14
14
14
14
14
14
14
14
14
14
15
14
14
13
24
14
13
14
14
15
21
24
14
15
14
14
