1
1
1
1
1
1
1
2
1
1
1
1
2
1
1
1
1
1
1
1
1
2
1
1
1
1
1
2
19
1
1
1
20
2
1
1
1
1
9
3
1
1
1
1
1
1
1
1
1
1
1
1
1
1
1
19
1
1
1
1
1
11
1
1
1
1
4
1
1
1
18
9
4
2
2
1
1
1
1
1
1
1
1
1
1
1
1
1
3
25
4
4
5
5
7
20
20
7
7
9
10
48
20
13
7
5
4
2
2
2
2
2
2
2
23
11
5
3
2
1
1
1
1
1
4
4
1
1
1
1
1
1
1
1
5
1
1
1
1
5
19
1
1
1
1
1
1
8
19
5
3
3
3
2
2
2
2
1
1
1
1
1
1
1
1
1
1
1
1
22
2
2
2
2
1
1
2
2
1
1
1
1
1
2
2
2
2
2
2
2
1
2
2
2
2
3
18
18
3
2
2
3
4
5
4
4
4
3
3
3
3
3
4
4
16
17
18
15
17
8
8
7
5
5
5
5
5
5
5
5
5
5
5
6
6
5
4
5
4
5
4
4
5
5
5
6
6
6
6
7
6
5
5
5
5
6
6
5
5
6
6
5
7
4
4
4
3
3
2
2
2
2
2
2
2
2
2
20
5
3
7
2
2
2
27
8
4
3
