2
2
2
3
2
3
10
2
6
8
3
15
29
32
29
30
36
26
18
3
3
4
4
4
4
4
3
4
3
3
3
4
3
3
3
14
3
3
3
4
3
3
3
3
3
3
3
3
3
3
3
4
3
3
3
3
3
3
3
3
3
3
3
4
3
4
4
3
3
4
4
3
3
4
4
4
4
3
3
3
4
4
4
4
4
4
4
4
3
4
4
4
4
4
4
4
4
3
4
4
3
3
3
3
3
3
3
3
3
3
3
4
3
3
3
3
3
3
3
2
2
2
2
3
2
2
3
2
2
2
2
2
2
2
2
3
2
2
2
2
2
2
2
2
2
2
2
3
2
3
2
2
2
3
2
2
2
2
2
3
2
2
2
2
2
2
2
2
2
2
2
3
2
2
2
2
2
2
2
3
2
2
2
3
3
3
2
2
2
2
2
2
2
2
2
3
2
2
2
2
2
2
2
2
2
3
2
3
2
2
2
3
3
2
2
2
3
2
11
3
3
2
2
2
2
2
2
2
2
2
2
3
2
2
2
2
2
2
3
16
10
8
8
8
9
13
11
11
10
6
2
2
2
2
2
3
2
2
2
2
2
2
2
2
2
2
2
3
2
2
2
2
2
11
2
2
2
2
2
3
2
2
2
2
2
2
3
2
