2
2
2
2
2
2
2
2
2
2
2
2
2
2
2
2
3
3
2
2
6
6
7
8
5
5
4
8
20
29
31
31
35
33
21
9
4
4
4
5
4
5
4
5
5
5
4
5
4
5
5
5
4
5
5
5
5
5
5
5
5
5
5
5
5
5
5
5
5
5
5
5
5
5
5
5
5
5
5
5
5
5
5
5
5
5
5
5
5
5
5
6
5
5
5
5
5
5
5
5
6
32
39
51
42
21
5
5
7
5
5
5
5
5
4
5
5
5
5
5
5
4
5
4
4
6
9
24
33
35
35
35
33
33
33
8
5
5
4
4
5
5
4
5
5
4
5
5
7
5
5
4
5
5
4
5
5
5
5
5
5
5
4
4
5
5
4
5
5
4
5
5
4
4
4
4
5
5
5
4
5
4
5
5
4
5
4
4
5
5
4
5
5
5
5
5
5
5
5
5
5
5
5
5
5
4
5
5
5
5
5
4
4
5
4
5
5
4
3
2
2
2
2
2
3
3
3
2
2
2
2
2
2
2
2
4
10
2
2
2
2
2
2
2
2
2
2
2
2
3
2
2
2
2
2
2
2
2
2
2
2
3
2
2
2
2
5
7
3
2
2
2
2
3
2
2
2
2
3
3
2
2
2
2
2
3
2
2
