8
8
8
8
8
9
9
10
8
8
8
8
9
9
8
8
8
8
10
10
8
8
8
8
8
8
8
8
8
9
11
11
8
8
8
8
8
8
8
8
8
10
11
13
8
9
8
8
8
8
8
8
8
11
11
12
9
8
8
8
8
7
9
8
8
10
11
11
8
8
8
8
8
8
8
8
9
16
10
11
24
27
24
9
9
8
8
8
8
9
9
8
8
9
7
8
9
7
8
10
9
19
8
8
9
10
8
8
8
8
8
8
8
8
9
8
8
8
8
9
8
9
9
9
9
8
9
8
8
8
9
8
8
8
8
8
9
8
9
8
9
8
8
8
8
8
9
8
8
8
9
8
8
8
8
8
8
8
9
8
8
8
8
9
8
8
7
9
8
8
8
9
8
19
23
8
8
8
8
8
8
8
8
8
8
8
9
8
8
9
9
8
9
8
8
8
8
8
9
8
8
9
8
8
8
8
8
8
8
8
8
8
8
8
8
7
8
8
8
8
8
9
9
10
8
8
9
8
8
8
8
8
8
9
10
10
8
8
8
8
8
8
8
8
8
10
11
11
8
8
8
8
8
8
8
8
8
10
11
12
9
8
8
8
8
8
8
8
8
11
10
11
8
8
8
8
8
8
7
8
8
9
9
9
7
7
8
8
