8
8
8
9
8
9
8
8
8
8
8
8
8
8
9
8
8
8
8
8
8
9
8
8
9
9
8
9
8
9
8
8
8
9
9
8
8
8
8
9
8
9
9
8
8
8
8
9
8
9
8
9
8
8
9
8
8
9
8
8
9
8
8
9
8
9
9
8
8
9
8
8
9
8
9
9
9
22
9
9
26
28
20
8
8
8
8
8
8
8
8
8
8
7
9
9
8
8
8
8
9
13
9
10
44
44
25
8
9
8
7
9
8
8
8
8
8
8
8
7
9
7
7
7
8
9
8
8
8
8
8
8
8
8
8
8
8
8
8
8
7
8
7
8
8
8
8
8
8
8
9
8
8
8
8
8
8
8
8
9
8
9
9
8
8
8
10
9
9
8
8
8
10
38
36
12
8
8
8
8
8
8
8
8
8
8
8
8
8
7
8
8
8
8
8
8
8
8
8
8
7
8
8
8
8
8
8
9
8
9
9
8
8
8
8
9
8
8
8
9
8
9
9
8
9
8
9
8
8
9
9
9
8
8
9
8
8
9
8
8
8
8
8
8
9
8
9
8
8
8
9
8
9
8
8
8
8
9
8
8
8
8
8
9
9
8
8
9
8
9
9
8
8
8
8
8
9
8
8
8
8
8
9
8
8
8
8
8
