7
6
6
6
7
6
7
7
7
7
7
7
7
7
7
13
7
7
7
7
7
7
7
8
7
7
7
7
7
7
7
6
6
6
7
7
7
6
6
6
7
6
7
7
7
7
6
6
7
7
7
7
7
7
7
7
7
7
7
7
7
7
7
7
7
7
7
7
7
7
6
6
7
7
7
7
7
7
6
6
6
6
6
6
6
6
7
6
7
6
7
7
7
7
7
7
7
7
7
7
7
7
7
7
7
7
7
7
7
7
7
7
7
6
7
6
6
6
6
6
6
6
7
7
7
7
7
7
7
7
7
7
7
7
7
7
7
7
7
7
7
7
12
7
7
7
7
6
6
6
7
6
6
6
7
6
6
7
7
6
6
6
6
7
7
7
7
7
7
7
7
7
7
7
7
7
7
7
7
7
7
7
7
7
7
6
6
6
6
6
7
7
7
12
7
7
7
7
7
7
7
7
7
7
7
7
7
7
7
7
7
7
7
7
7
7
7
6
7
6
6
6
6
6
6
6
7
6
6
7
6
7
7
6
7
7
7
7
7
7
7
7
7
7
7
7
7
7
7
7
7
7
7
7
13
7
7
6
6
6
7
6
6
7
7
11
7
7
7
7
7
7
7
7
7
7
7
7
7
7
7
7
7
7
7
7
7
7
