4
4
4
4
4
4
4
4
8
8
9
9
17
20
19
20
20
20
20
20
20
20
20
20
20
21
21
21
21
21
21
20
21
21
21
21
21
20
21
20
21
20
20
21
21
20
20
21
20
20
20
20
20
20
20
21
21
21
21
21
21
21
21
20
22
25
25
24
21
20
21
21
21
21
21
21
21
21
21
20
20
20
20
20
20
20
20
19
20
20
20
20
20
20
19
21
21
20
21
20
20
20
20
19
19
19
19
19
19
19
19
19
19
19
20
19
19
19
19
19
18
18
18
18
18
18
18
18
18
18
18
18
18
18
18
17
18
18
17
18
18
18
17
17
17
17
17
17
17
17
17
17
16
17
17
17
17
16
16
16
16
16
16
16
16
16
16
16
16
17
16
16
16
15
16
16
16
16
16
18
16
16
15
15
15
15
15
15
15
15
15
15
15
14
15
14
17
16
16
16
16
16
16
15
14
14
14
14
15
14
14
14
14
14
14
13
13
13
13
13
13
12
12
13
13
12
12
13
13
14
13
13
12
12
12
14
13
12
13
12
13
12
12
12
13
13
12
12
12
12
12
12
12
12
12
12
12
13
12
12
16
22
21
22
21
21
21
19
16
14
12
13
11
19
16
14
11
12
11
11
12
11
12
12
12
12
12
12
