4
3
4
3
4
3
4
3
4
3
4
3
5
3
4
3
4
4
4
3
4
3
4
3
4
3
4
3
9
3
3
3
3
3
3
3
3
3
3
4
4
3
3
3
3
3
3
3
4
3
3
3
3
4
3
3
3
3
3
4
3
3
3
3
3
3
3
3
3
4
3
3
3
3
3
3
3
3
3
4
3
3
3
3
3
3
3
3
3
3
3
4
3
3
3
3
4
3
3
4
3
3
3
3
3
3
3
3
3
3
3
3
3
3
3
3
3
3
3
4
4
5
12
6
4
5
15
12
4
5
15
19
4
4
16
48
5
5
15
47
4
6
15
47
4
5
15
47
5
5
16
46
4
5
15
47
4
4
15
49
5
5
15
48
5
5
15
46
3
3
3
3
3
3
3
3
3
3
3
3
4
3
3
3
3
4
3
3
3
3
3
3
3
3
3
3
3
3
3
3
3
3
3
3
4
3
3
3
3
3
3
3
3
3
3
3
3
3
3
3
3
3
3
3
3
3
3
3
3
3
3
3
3
3
3
3
3
3
3
3
3
3
3
3
3
3
3
3
3
3
3
3
3
3
25
61
3
3
3
3
3
3
7
30
95
95
95
95
26
7
4
3
3
3
3
3
4
3
4
3
4
3
4
3
4
3
3
3
