32
34
34
54
63
63
63
63
41
7
6
7
7
11
13
9
53
62
61
63
63
49
6
12
10
8
7
8
9
7
7
7
8
8
7
8
8
8
8
8
7
7
7
8
8
7
7
8
8
8
8
8
7
6
9
9
8
9
8
8
8
7
8
8
8
7
7
8
9
8
7
7
7
7
7
7
7
7
8
8
7
7
7
7
8
8
9
8
6
8
8
8
7
7
15
18
19
18
18
18
18
11
15
17
13
15
17
18
18
18
17
17
17
15
17
17
17
17
18
18
18
18
19
19
16
15
18
18
15
17
18
17
18
17
17
18
17
13
15
16
16
17
16
16
17
18
18
17
18
17
12
14
17
17
17
18
18
18
18
15
14
13
15
13
17
17
17
17
17
22
26
22
23
21
21
30
20
19
27
26
24
23
28
22
26
18
27
27
34
31
33
31
33
29
23
34
32
25
21
33
31
32
32
25
22
19
23
20
24
17
27
25
38
29
39
22
30
35
30
38
36
35
35
31
36
30
38
29
41
28
39
25
22
37
30
39
27
37
33
37
30
33
33
26
43
27
34
35
20
34
28
40
32
37
36
32
38
28
39
30
39
28
31
54
86
85
87
85
66
39
40
43
37
26
9
13
25
84
78
79
80
60
76
86
87
83
48
19
