58
58
65
47
50
58
59
63
64
19
5
4
4
5
9
12
5
53
60
58
61
62
23
3
5
5
5
5
5
5
1
3
5
5
4
5
5
5
5
5
5
5
3
2
5
5
4
5
5
5
5
5
5
3
1
5
5
5
5
5
5
5
5
5
5
2
2
5
5
5
5
4
5
5
5
5
5
3
1
5
5
5
5
5
5
5
5
5
5
1
3
5
5
4
5
11
15
16
15
15
15
15
8
11
15
12
11
15
15
15
15
14
14
14
10
13
14
14
14
15
15
15
15
15
15
13
10
15
15
12
14
14
14
14
14
14
15
13
10
11
15
14
14
13
14
14
15
14
15
15
12
8
12
14
14
14
15
15
15
15
10
13
8
12
11
14
14
14
14
14
13
14
15
12
11
15
14
12
13
13
14
15
15
16
17
13
10
14
26
26
35
26
32
29
30
30
30
31
24
10
29
32
28
34
26
17
19
22
19
22
15
27
24
40
26
39
16
16
39
26
37
31
33
33
30
35
29
38
27
38
30
35
20
12
37
29
39
27
34
33
36
31
34
36
25
40
29
31
38
12
24
28
36
31
33
36
28
36
23
32
24
32
26
26
61
91
94
92
95
60
23
24
23
23
24
6
1
1
1
1
1
1
1
1
1
1
1
1
