103
103
103
103
62
1
2
7
12
18
15
16
18
18
13
9
6
27
33
29
33
35
25
5
7
7
7
7
7
7
2
4
7
7
6
7
7
7
7
7
7
7
3
3
7
6
6
7
7
7
7
9
7
4
1
7
7
7
7
7
7
7
7
7
7
3
3
7
7
6
6
7
7
6
6
6
6
5
1
6
7
7
7
7
7
7
7
7
7
1
4
7
7
6
7
11
11
12
11
12
12
11
6
8
12
12
10
11
12
13
12
12
11
10
6
9
11
11
11
12
12
12
12
12
13
10
5
12
12
10
11
12
11
12
12
11
12
10
6
10
12
10
11
11
11
11
12
11
12
12
9
5
10
11
11
12
12
12
12
12
11
10
4
11
9
12
12
12
11
11
11
12
12
9
7
12
12
12
11
11
11
13
12
12
12
8
7
12
30
27
37
29
38
30
35
30
36
31
24
5
34
33
27
36
28
32
23
35
23
35
21
33
28
36
34
33
20
8
37
33
32
38
30
40
28
39
29
32
37
32
38
31
22
6
35
34
32
39
29
39
31
38
30
41
27
34
37
28
41
8
17
32
31
38
29
42
28
41
28
33
35
32
39
27
44
92
96
96
96
67
26
27
26
26
27
2
0
1
0
0
0
0
0
1
0
0
0
0
