91
89
90
75
17
5
6
5
9
10
10
9
10
10
11
9
10
10
11
5
9
11
10
9
11
12
12
11
12
12
8
8
11
11
12
10
12
12
12
12
11
12
9
7
12
12
11
11
12
12
11
11
11
8
6
12
13
11
12
12
13
11
11
11
12
9
8
11
12
12
12
13
11
11
10
11
11
10
5
11
11
11
11
12
11
12
12
14
12
7
9
11
11
10
11
11
11
11
11
12
11
11
5
8
11
11
9
11
12
12
12
11
11
11
5
8
10
11
12
11
12
12
12
12
11
8
5
11
12
11
11
11
11
11
11
11
12
10
5
10
11
10
11
11
11
11
11
11
11
11
8
5
10
12
12
11
11
12
12
12
10
9
3
11
9
11
11
11
10
11
16
21
16
16
10
15
23
14
18
17
18
17
17
20
16
16
10
22
31
40
46
38
46
39
44
37
44
41
28
14
41
44
37
46
38
45
35
49
36
49
33
44
40
42
42
37
28
13
45
37
42
46
34
48
33
47
36
39
45
37
47
35
30
10
42
41
38
45
34
49
35
49
34
47
34
38
45
32
46
16
25
39
40
47
37
48
36
47
36
38
46
37
48
35
17
57
94
93
91
89
84
94
93
92
77
12
12
13
8
0
0
0
1
31
38
44
40
24
