9
8
9
7
9
8
8
9
9
8
1
5
9
10
10
10
7
11
9
9
8
9
7
1
1
10
10
9
9
9
9
10
10
9
1
6
9
10
9
9
9
9
9
9
9
5
1
9
9
9
9
9
9
8
8
9
9
4
4
9
9
9
9
9
10
9
9
9
4
3
9
8
8
8
8
8
8
8
8
10
9
1
5
9
9
10
9
9
9
8
9
10
6
1
9
8
8
8
8
8
9
8
8
9
4
1
9
9
9
9
10
9
9
8
8
9
5
1
8
9
9
9
9
9
9
9
8
9
9
2
3
10
9
9
8
9
9
9
8
9
4
2
10
8
8
9
9
9
9
9
9
9
1
5
9
9
9
10
9
9
9
9
9
8
2
4
9
8
8
17
39
28
39
29
37
34
22
1
22
42
30
40
27
37
30
35
41
29
38
30
45
29
41
33
17
2
42
31
42
31
38
36
37
35
38
39
43
38
47
34
0
29
49
33
49
31
46
33
37
42
33
46
32
46
33
46
6
14
39
39
41
38
42
32
47
36
46
36
44
34
46
38
43
1
26
31
47
31
43
37
34
44
32
47
33
47
32
45
4
19
37
48
35
49
31
41
31
44
34
38
38
44
41
40
27
1
38
43
34
47
37
43
31
48
35
48
38
43
