12
9
16
11
55
68
68
68
66
31
10
9
10
9
14
15
14
56
69
67
66
67
24
9
10
11
12
10
11
10
10
12
10
11
11
9
11
10
10
10
10
10
12
12
10
10
10
10
10
10
10
10
10
10
12
12
10
10
13
10
10
10
10
11
11
11
10
10
10
13
10
10
10
10
10
10
10
10
10
10
10
10
10
11
11
11
11
10
12
12
10
11
10
9
9
18
19
19
19
20
21
20
21
16
16
21
20
17
21
22
23
21
20
17
18
19
17
19
18
20
21
21
21
21
20
20
18
20
20
16
19
19
19
19
19
17
20
20
21
21
18
16
20
21
21
21
21
21
21
21
20
19
15
19
18
20
21
21
21
21
21
20
11
21
20
15
21
19
20
21
30
38
29
36
29
31
38
26
33
29
40
30
35
33
35
36
29
39
31
40
32
34
31
37
28
38
28
41
26
38
30
42
28
40
26
31
20
30
19
33
18
31
28
41
31
39
35
41
34
36
38
44
33
39
32
40
31
40
31
39
35
35
40
32
38
31
41
29
39
35
37
34
33
37
27
45
29
37
38
29
42
31
43
38
38
42
33
41
29
40
32
42
30
33
61
80
75
82
74
44
24
25
30
19
30
18
28
22
45
29
29
29
33
64
76
79
78
50
