12
9
15
11
59
68
69
67
61
34
10
9
11
9
13
15
13
58
69
68
68
66
27
8
10
13
12
10
11
11
11
10
10
10
11
9
12
11
11
10
10
10
11
13
10
10
10
10
10
10
10
10
10
10
11
12
12
11
13
11
10
10
10
11
11
12
11
10
12
14
12
10
10
10
10
10
10
10
11
10
10
10
10
10
11
11
11
11
11
12
12
11
10
10
10
18
20
21
19
19
19
20
15
16
18
16
16
17
19
20
20
20
18
19
19
19
18
20
20
20
21
20
22
21
21
20
18
20
20
17
19
20
19
20
20
18
19
19
17
17
18
17
19
19
16
19
20
20
19
20
21
16
16
22
19
19
19
19
19
20
17
16
16
19
13
18
20
19
20
20
33
38
30
35
31
29
38
27
27
40
32
36
29
40
29
39
28
39
29
41
29
36
31
37
30
33
35
37
31
33
35
34
34
34
27
32
19
30
19
31
18
31
29
41
31
42
31
41
34
37
37
44
35
39
32
40
31
40
31
43
30
41
35
32
39
32
41
30
39
36
38
34
37
37
27
45
29
37
39
29
43
31
43
39
38
43
33
41
29
42
33
42
30
33
62
79
76
83
67
43
24
44
59
49
60
47
56
51
72
58
42
29
33
64
76
79
78
51
