11
7
9
10
55
68
68
68
66
44
9
8
9
8
13
14
14
56
69
67
67
66
27
8
10
10
12
9
10
10
9
9
10
10
10
9
11
10
10
10
9
9
11
12
9
9
9
9
9
9
9
9
9
9
11
12
9
10
14
9
9
9
9
11
10
11
9
9
10
13
9
9
9
9
9
9
9
9
10
9
9
9
9
10
11
10
11
9
12
11
9
12
10
9
9
17
19
19
18
18
20
19
20
16
15
20
19
17
20
21
22
20
18
17
17
19
17
18
17
19
20
21
20
20
20
19
17
19
19
16
18
19
19
19
18
17
18
19
20
20
16
15
18
20
20
20
20
21
20
20
19
19
14
18
20
19
20
20
20
20
20
20
10
20
17
14
20
19
18
20
30
37
29
36
28
31
37
26
36
32
38
29
34
33
31
37
28
38
28
40
31
37
30
37
29
37
27
40
26
37
29
40
27
37
25
29
20
30
19
26
17
31
27
41
30
38
35
36
38
33
38
43
32
42
31
40
30
39
32
38
35
35
40
28
40
30
39
32
33
38
35
37
32
42
26
41
34
32
42
27
41
29
45
33
41
42
30
43
29
38
32
39
33
29
62
77
79
81
69
40
20
60
80
76
83
73
78
78
71
58
26
0
2
31
19
30
24
24
