11
8
10
18
44
44
41
39
39
23
10
9
12
10
15
11
12
33
41
40
41
40
14
10
12
15
12
11
12
13
12
11
11
11
11
11
12
13
13
13
12
11
11
11
13
13
10
11
12
12
12
11
11
10
10
13
13
13
13
12
12
12
12
12
11
13
13
11
12
13
14
11
11
11
10
11
11
11
12
11
12
11
11
11
12
11
12
13
14
11
13
11
11
11
11
15
16
16
15
16
16
16
10
13
16
12
13
16
16
16
16
16
15
16
14
15
15
16
15
16
16
16
17
17
17
16
14
16
16
15
15
16
16
16
16
16
16
15
12
14
14
15
16
14
14
16
17
16
16
16
16
12
13
19
16
16
16
18
16
16
13
14
12
13
12
15
16
16
16
17
34
32
30
29
29
25
36
26
22
38
27
36
25
32
30
36
22
34
33
43
36
39
39
42
35
35
42
39
33
26
42
39
38
36
38
33
34
35
33
39
29
34
34
32
36
28
33
19
39
37
42
35
33
40
28
38
30
31
38
29
40
27
35
17
37
36
30
39
30
51
28
42
27
39
28
30
38
25
38
23
28
33
37
34
38
37
32
38
30
30
39
28
40
27
52
64
83
77
81
58
49
72
77
81
53
54
45
58
71
58
48
29
27
60
75
84
70
59
