69
65
67
44
11
11
11
11
11
13
11
11
13
12
16
9
13
12
14
11
13
11
12
12
13
16
14
13
14
15
13
12
13
14
14
13
14
14
14
14
15
13
12
13
14
15
13
12
14
15
14
14
14
12
9
14
16
15
14
14
14
14
14
14
14
13
12
14
14
15
15
12
14
13
12
12
13
13
12
12
14
14
13
13
13
13
14
15
16
11
13
14
13
13
13
13
13
13
13
13
14
14
7
10
13
11
11
13
14
14
14
13
12
13
10
11
13
13
13
14
14
14
14
14
14
14
9
12
14
13
12
13
14
13
14
13
14
12
8
10
13
13
13
12
11
13
14
13
14
14
12
8
11
16
13
13
14
13
14
13
11
11
8
11
10
13
13
13
12
15
25
29
27
24
25
22
35
21
22
33
24
33
22
31
25
33
18
32
35
46
44
43
45
46
42
38
47
45
34
22
46
46
41
44
44
45
41
49
41
48
40
41
47
39
49
35
41
19
47
41
49
47
40
49
39
45
43
37
50
36
52
36
42
17
40
47
38
50
35
51
38
50
38
47
41
36
34
45
29
28
46
44
47
46
47
42
45
42
36
51
36
51
37
35
48
84
77
82
78
73
76
83
43
25
18
30
58
58
58
57
53
83
76
84
63
31
20
48
