16
16
18
15
42
44
44
45
31
16
12
12
14
13
18
14
36
42
44
45
45
31
11
13
15
18
16
14
15
16
16
16
14
14
15
14
15
15
15
16
15
14
14
16
15
16
12
14
15
15
15
14
14
13
15
15
16
17
16
16
15
15
14
14
14
16
18
14
15
16
18
14
14
14
13
13
14
13
17
15
14
14
14
14
14
14
15
17
17
16
18
16
14
14
14
14
27
31
30
38
34
31
31
31
32
27
32
32
34
37
37
32
38
32
29
35
38
30
36
35
33
30
38
38
32
41
32
34
38
32
33
34
36
32
29
36
30
33
27
31
37
35
35
37
29
32
39
32
35
38
33
35
31
35
34
42
32
33
35
35
29
33
29
33
27
35
36
34
35
35
50
64
50
46
52
49
63
45
44
62
55
61
44
60
52
63
46
53
58
63
49
57
56
65
45
49
56
60
54
45
62
55
60
45
62
53
62
48
62
46
37
33
40
31
42
28
43
29
41
40
46
35
40
43
30
38
35
28
44
28
43
28
43
29
38
38
28
44
31
50
33
43
29
40
32
28
42
27
40
32
36
36
38
36
45
34
40
38
34
29
43
28
43
28
54
58
73
61
71
43
35
57
61
71
60
69
53
71
56
29
19
0
0
39
62
69
62
72
