103
104
104
53
0
1
10
11
7
7
6
7
8
8
8
6
8
6
0
5
8
8
6
8
8
8
8
8
9
2
4
8
8
7
8
8
8
9
9
8
8
4
1
9
8
7
9
8
8
8
8
8
4
0
8
8
8
8
8
8
8
8
8
8
4
2
8
8
8
8
8
8
8
7
7
8
6
0
7
8
8
8
8
8
8
8
8
9
2
4
8
8
7
8
8
7
8
8
8
8
8
2
5
8
8
8
8
9
9
9
8
8
8
0
4
8
8
8
8
8
8
9
8
8
5
0
7
8
8
7
8
8
8
8
8
8
7
0
6
8
8
8
7
7
8
8
8
8
8
4
0
8
8
8
8
8
8
9
9
8
6
0
7
7
8
9
8
8
8
8
8
8
4
1
8
8
8
7
8
8
9
8
8
8
4
1
8
37
33
46
34
46
35
42
37
38
42
27
0
33
45
33
47
33
44
35
45
35
45
35
38
42
36
45
31
23
1
36
43
32
46
32
45
34
42
39
34
46
33
47
32
24
0
35
45
34
46
31
47
33
47
33
43
36
33
45
31
42
11
8
43
32
45
34
44
37
42
38
33
46
33
47
32
35
88
104
104
104
65
52
77
104
103
100
58
55
55
97
104
99
77
55
61
102
104
103
76
14
