7
7
7
6
8
7
7
8
8
7
0
4
8
8
8
8
6
8
8
8
6
8
6
0
1
8
8
8
8
8
8
8
9
8
0
5
8
8
8
8
8
8
8
8
8
5
0
8
8
8
8
8
8
7
7
8
8
3
3
8
8
8
8
8
8
8
8
8
3
3
8
7
7
8
7
7
7
7
7
9
8
1
4
8
8
9
8
8
8
7
8
9
5
0
7
7
7
7
7
7
8
8
8
8
4
1
8
8
8
8
8
8
7
7
7
7
4
0
7
8
7
8
8
8
8
7
7
8
8
2
2
8
8
7
8
8
8
8
7
8
3
2
9
8
7
7
8
7
8
8
8
8
0
4
8
8
9
9
8
8
8
8
7
7
1
3
8
7
7
18
47
34
47
33
40
39
27
0
28
46
34
47
33
45
35
38
42
35
45
35
46
35
46
34
20
2
48
33
47
31
42
38
41
40
42
39
43
38
46
33
0
29
49
32
48
31
46
33
37
42
33
46
31
47
33
47
5
14
39
40
40
38
42
31
48
36
45
37
44
34
46
38
43
0
26
31
47
31
43
36
33
44
32
48
33
48
32
48
4
19
36
48
34
49
32
48
34
48
37
45
38
43
40
40
27
0
37
43
33
47
37
44
30
48
34
48
38
43
