8
8
8
7
10
9
8
10
9
8
1
5
9
9
9
9
7
9
9
9
7
9
7
1
9
9
9
9
9
9
9
10
9
1
6
9
9
9
9
9
11
9
9
9
6
1
9
9
9
9
9
9
8
9
10
9
4
4
9
9
9
9
9
10
9
9
9
4
4
9
8
8
8
8
8
8
8
8
10
9
2
5
9
9
10
9
9
9
8
9
10
6
1
8
8
8
8
9
8
9
9
9
9
5
1
8
9
9
9
10
9
9
9
8
9
5
1
8
9
9
9
9
9
9
9
8
9
9
3
3
9
9
8
8
9
9
9
8
9
4
2
10
9
8
8
9
8
9
9
9
9
1
5
8
9
9
9
9
9
8
9
8
8
2
4
9
8
8
18
48
34
47
33
40
40
27
1
28
47
35
48
33
46
35
38
42
36
45
35
46
35
46
35
21
2
48
34
48
32
43
39
41
40
42
39
44
38
47
34
1
29
50
33
48
32
46
33
38
43
34
48
32
47
33
47
6
15
40
40
41
39
42
32
48
36
46
37
45
34
47
38
44
1
27
32
47
31
43
37
34
45
32
48
34
48
32
48
4
19
36
48
34
49
32
49
34
48
37
45
38
43
41
40
27
1
38
43
34
47
37
44
31
48
35
48
38
44
36
