7
7
7
6
8
7
7
8
8
7
0
5
8
8
8
8
6
8
8
8
6
8
6
0
1
8
8
8
8
8
8
8
9
8
0
6
8
8
8
8
8
9
8
8
8
4
1
8
9
8
8
8
7
7
8
8
8
3
4
8
8
8
8
8
8
8
8
8
5
4
8
7
8
8
7
7
8
7
8
9
8
1
5
9
8
9
8
8
9
8
8
9
4
1
8
7
8
7
7
7
8
8
8
8
4
1
8
8
8
8
8
8
8
7
8
8
4
0
8
8
8
8
8
8
8
8
7
8
8
1
3
8
8
8
8
8
8
8
8
8
3
3
9
8
7
8
8
8
8
8
8
7
0
4
8
8
8
8
8
8
8
8
8
7
1
4
8
7
8
19
48
33
47
32
43
35
27
0
30
48
33
48
31
47
32
42
37
39
41
39
41
39
41
39
15
5
47
34
47
30
46
34
45
35
46
35
46
35
48
30
0
32
47
34
46
33
46
30
41
38
37
43
33
45
33
47
2
19
35
44
36
43
37
35
45
40
41
41
40
38
42
42
38
0
27
34
45
31
45
32
38
43
33
47
34
47
32
47
1
23
34
48
34
47
33
47
36
44
40
39
42
38
45
36
26
1
41
38
37
42
41
39
33
46
37
44
42
38
