15
16
19
15
42
44
44
45
41
24
12
12
14
13
18
14
36
40
44
44
44
29
11
12
14
18
16
14
15
15
16
15
14
15
15
14
14
15
16
15
14
14
14
16
14
16
13
14
14
15
14
14
14
13
15
15
16
17
16
16
15
15
14
14
14
16
17
14
15
16
18
15
15
14
13
13
13
13
17
15
14
14
14
14
14
14
15
17
16
16
19
16
15
15
15
15
28
35
32
39
36
33
33
32
35
30
35
35
37
40
39
33
39
33
30
36
37
30
36
33
32
30
37
37
34
41
33
36
38
31
33
34
34
31
35
31
29
32
27
29
37
35
35
36
29
32
38
32
36
40
36
38
33
38
36
43
33
36
36
36
29
33
30
32
25
36
35
35
35
37
51
66
50
48
56
56
67
47
45
64
57
65
47
62
55
67
49
55
60
66
52
59
57
68
50
51
63
63
57
48
65
59
63
50
65
56
66
50
63
46
38
33
40
31
43
28
43
29
41
40
46
36
40
43
30
38
35
29
44
29
44
28
44
29
39
39
28
45
31
52
33
44
29
35
33
29
43
27
41
32
37
36
39
36
46
35
41
39
34
29
44
29
44
28
60
58
72
60
70
42
35
57
60
70
60
66
54
71
54
29
15
0
1
41
58
73
59
71
