98
98
98
96
44
0
0
0
4
7
7
6
6
7
7
7
6
7
6
0
5
8
7
6
7
8
8
7
8
8
2
4
8
7
7
7
8
8
8
8
8
8
4
2
8
7
7
8
8
8
8
8
7
4
0
8
7
7
8
8
8
8
8
7
7
3
2
8
7
7
7
7
7
7
7
7
7
6
0
7
7
7
7
7
7
7
8
8
8
1
4
7
7
7
7
7
7
7
7
7
8
7
0
5
8
7
7
8
8
8
8
7
7
7
0
4
7
7
7
8
8
8
8
8
8
5
0
7
7
7
7
7
8
7
7
8
8
6
0
6
8
7
8
7
7
7
8
7
7
7
4
0
7
7
7
7
7
8
9
8
7
5
0
6
6
7
8
7
7
7
8
7
7
4
1
8
8
7
7
8
8
8
8
8
7
4
1
8
30
30
45
31
44
32
41
34
37
39
26
0
32
42
31
45
31
42
32
44
32
43
32
37
40
34
42
30
21
1
35
40
31
44
30
43
32
41
35
32
43
31
44
30
22
0
33
42
32
44
29
45
31
45
31
42
33
32
43
28
41
9
8
41
29
44
31
42
33
41
35
32
44
31
44
30
44
89
98
98
95
61
55
70
82
75
29
28
28
28
54
55
29
28
28
28
28
27
1
0
