5
7
7
7
7
7
7
7
9
6
0
6
8
7
7
7
7
7
7
7
7
7
4
0
3
8
7
7
8
9
8
7
7
7
0
7
7
7
7
8
8
8
7
7
9
4
1
8
8
7
7
7
7
7
7
8
9
1
4
7
8
8
9
7
7
7
8
9
0
4
7
7
7
7
7
7
7
7
7
7
7
0
6
8
7
7
8
8
8
7
7
7
4
1
7
7
6
7
7
7
7
7
7
8
3
3
7
7
7
7
7
8
7
6
7
7
4
0
7
8
8
8
8
7
7
7
7
7
7
0
4
7
7
7
8
7
7
7
7
9
0
4
7
7
7
7
7
7
7
7
7
7
0
5
7
8
8
7
7
7
7
7
7
7
0
4
7
7
7
14
35
34
33
32
35
24
21
0
32
36
32
36
31
36
28
40
23
43
24
44
24
44
24
44
2
12
33
36
31
27
41
25
43
26
43
25
42
29
39
22
0
37
31
42
29
36
32
26
42
23
41
26
38
31
34
34
0
23
25
44
24
44
24
40
27
44
25
43
24
42
37
47
25
0
23
42
27
39
38
26
45
26
38
34
39
30
43
31
0
29
38
32
41
33
39
33
46
29
46
26
44
25
44
31
18
8
39
25
43
25
43
23
42
25
44
26
43
27
