65
61
63
27
10
10
10
10
11
12
10
10
13
12
16
8
12
12
13
10
13
11
11
11
12
16
13
12
13
14
12
11
13
13
13
12
13
13
14
14
14
13
11
10
13
14
12
12
13
14
13
15
12
11
9
14
15
14
13
14
13
13
13
13
12
12
11
13
13
14
14
12
13
12
11
12
12
12
11
11
13
13
12
13
13
13
14
15
15
10
13
13
12
12
12
12
12
12
13
12
13
13
7
10
13
10
10
13
13
13
13
13
12
12
9
11
12
12
12
13
13
13
14
13
14
12
9
12
13
13
11
14
13
12
13
13
13
12
8
10
12
13
12
11
11
12
13
12
13
13
12
8
10
15
13
13
13
13
13
13
10
11
7
11
9
13
13
12
12
15
24
27
26
23
24
21
28
20
21
31
23
31
21
27
25
31
17
30
33
43
42
41
43
44
40
37
45
43
33
21
44
43
39
42
42
43
39
45
39
46
38
39
45
38
47
34
39
18
44
39
46
45
38
46
37
42
41
35
48
35
49
34
40
17
38
45
36
48
32
48
36
47
36
44
38
35
47
32
43
28
27
43
42
45
43
45
39
43
41
34
48
35
48
35
33
43
80
73
78
70
72
79
72
78
34
25
18
29
41
27
27
27
25
56
71
79
59
56
