86
88
75
82
39
75
67
37
45
66
78
58
35
35
37
75
70
37
50
78
70
32
45
91
81
35
37
32
33
33
66
56
34
36
72
48
31
32
32
33
34
33
57
66
31
49
72
34
32
32
33
34
37
80
75
34
33
61
61
31
33
34
34
34
33
59
62
32
63
61
33
32
32
32
33
32
32
42
74
37
35
70
53
33
33
32
32
33
34
68
53
35
51
72
33
40
41
42
42
42
44
48
82
58
62
77
42
41
44
41
45
45
43
42
78
60
60
81
42
45
47
44
43
42
44
60
82
44
44
73
64
43
45
45
43
42
42
50
78
54
68
74
42
39
43
44
43
46
43
44
63
82
80
62
41
43
46
42
42
44
42
57
78
42
75
64
45
40
42
43
39
40
42
61
70
40
53
82
45
34
42
36
44
35
43
56
80
38
35
38
39
37
40
38
62
74
34
40
53
80
38
54
38
54
40
66
34
34
30
36
72
36
31
37
32
39
52
79
74
42
36
35
40
31
38
32
70
66
35
38
31
40
57
91
48
34
36
49
59
45
36
32
40
74
46
39
31
40
30
63
64
30
37
32
37
31
38
30
69
58
34
35
34
41
43
29
22
21
21
22
62
37
22
21
65
71
82
76
68
19
34
42
85
53
25
19
27
23
