4
4
4
5
4
4
4
4
7
5
5
15
6
1
2
3
12
7
4
10
3
3
7
4
3
2
3
6
7
4
4
3
3
2
3
3
4
2
3
2
3
3
3
2
3
2
3
3
4
7
4
2
3
3
3
3
3
3
3
3
3
2
5
3
3
7
6
3
3
2
3
3
3
2
3
2
3
5
4
3
3
3
11
3
3
3
5
4
3
3
3
3
3
3
3
3
3
3
6
3
3
3
3
3
3
3
5
3
3
3
3
5
6
3
3
3
3
3
4
4
3
3
3
3
3
3
3
3
3
3
4
3
3
4
5
3
3
6
4
3
3
3
3
3
5
5
3
4
3
3
3
3
3
3
3
3
3
3
3
4
6
5
7
3
3
3
3
3
3
3
4
3
3
4
3
3
3
3
3
3
3
3
3
3
5
6
5
6
7
4
3
3
3
3
3
3
3
4
7
8
8
4
3
4
6
3
3
3
4
3
3
6
7
3
3
3
4
3
3
3
3
3
7
6
4
7
4
3
3
4
3
3
3
3
3
3
3
3
3
8
4
3
3
6
4
11
6
4
9
4
7
6
7
6
5
7
12
4
5
4
4
4
4
4
4
4
4
9
5
5
4
4
5
4
5
6
7
7
4
5
6
7
4
4
4
6
4
4
