4
7
15
9
13
4
14
13
12
11
24
12
10
15
12
12
19
4
4
4
4
3
4
3
4
3
3
3
3
3
3
3
3
2
2
2
2
2
2
2
2
2
2
2
2
2
2
2
2
2
2
2
2
2
2
2
2
2
2
2
2
2
2
2
2
2
2
2
2
2
2
2
2
2
2
2
2
2
2
2
2
2
2
2
2
2
2
2
2
2
2
2
2
2
2
3
2
2
6
3
3
3
2
3
2
3
5
3
2
2
2
2
2
2
2
2
2
2
2
2
2
3
6
2
2
2
2
2
2
2
2
2
2
2
2
2
2
2
2
2
2
2
2
2
2
2
2
2
2
2
2
2
2
2
2
2
2
2
2
4
3
3
2
2
2
2
2
2
2
2
2
2
2
3
2
2
2
2
2
3
2
2
2
2
2
2
2
2
2
2
2
2
2
2
5
3
3
3
3
4
4
2
6
13
5
12
12
7
6
20
24
8
11
16
16
27
20
12
10
8
21
8
32
11
5
7
10
25
12
28
14
9
5
5
21
30
9
11
31
3
6
6
11
6
15
6
4
6
5
12
4
4
4
4
4
4
4
5
17
4
4
4
4
5
5
8
5
7
28
27
32
17
26
26
11
19
30
30
30
30
24
42
5
22
15
4
5
10
