1
1
1
1
25
4
3
1
10
4
23
11
17
14
20
34
13
11
12
23
22
22
11
12
12
12
12
12
12
12
12
12
12
13
12
12
11
11
12
11
12
11
11
11
11
11
11
12
12
11
11
11
12
11
11
12
11
11
11
11
11
11
11
11
12
11
10
10
11
11
11
11
11
10
10
10
10
16
31
22
22
19
10
10
10
10
10
10
10
10
10
10
10
10
10
10
10
10
13
10
11
10
10
10
10
10
13
11
10
10
10
10
10
10
10
10
10
10
10
10
10
15
10
10
10
10
10
10
10
10
10
10
10
10
10
10
10
9
11
10
9
9
10
9
9
9
9
9
8
8
8
8
8
8
8
8
8
8
8
8
8
8
8
7
7
8
7
7
7
7
7
7
8
7
8
7
7
7
7
7
7
7
7
7
7
7
7
7
7
7
7
7
7
7
10
7
7
7
7
6
6
6
6
6
6
6
6
6
8
6
6
6
6
6
6
7
6
6
6
6
6
7
6
6
7
8
6
7
7
7
7
7
7
6
33
38
37
23
22
15
38
42
28
7
25
30
6
36
21
20
14
15
14
23
16
22
27
17
9
7
12
12
21
28
25
13
12
14
13
22
11
17
7
25
25
16
5
6
6
5
6
7
7
6
6
7
7
13
