1
1
2
2
2
2
2
1
1
1
2
1
2
2
2
1
2
2
1
2
2
2
2
1
2
1
1
1
2
2
1
1
1
2
2
2
2
2
1
1
2
2
2
3
2
2
2
1
1
1
2
1
2
2
4
6
4
1
2
2
2
1
1
1
2
2
2
2
1
2
2
1
2
1
1
1
3
3
2
2
2
2
2
2
2
2
2
1
2
2
2
2
2
2
2
1
2
1
2
2
2
2
3
1
1
2
2
1
2
1
1
1
2
3
3
3
3
3
4
3
2
1
1
1
2
2
2
2
2
2
2
2
2
2
2
2
2
2
2
2
2
1
2
2
2
2
1
1
2
2
2
3
1
1
2
2
1
1
1
2
2
2
2
2
2
1
3
18
17
19
7
2
2
2
2
2
2
2
2
2
2
2
2
2
2
9
12
16
5
2
2
2
2
1
1
2
2
3
5
3
1
2
2
2
2
1
1
2
2
2
2
1
2
2
2
2
1
1
2
2
2
2
3
5
2
2
2
1
1
1
1
2
3
2
5
7
1
2
2
2
1
2
1
1
2
2
1
3
2
1
2
2
2
2
2
1
2
9
2
2
2
1
2
1
1
2
5
5
2
2
2
2
2
2
2
1
2
2
2
2
2
2
2
3
3
5
5
2
