4
4
3
4
4
4
4
3
4
4
4
3
3
3
3
3
4
4
3
3
4
4
3
4
3
3
3
3
4
4
3
3
3
4
4
4
3
3
3
3
4
4
3
3
3
4
4
3
3
3
4
3
4
4
3
3
3
4
3
4
3
3
3
3
4
4
3
3
3
4
4
3
3
3
3
3
9
9
3
4
3
4
4
4
3
3
4
4
4
4
4
4
4
4
4
4
4
3
3
4
5
7
4
4
3
4
4
4
3
4
4
3
7
6
3
4
3
4
4
4
3
3
3
3
7
6
4
4
4
5
4
4
3
3
3
3
4
4
4
4
4
4
4
4
3
4
6
4
4
4
4
4
4
4
4
4
3
3
4
4
4
4
4
4
3
4
4
3
3
3
3
3
4
4
3
3
4
4
4
3
3
3
3
3
4
4
3
4
3
4
4
4
3
3
3
3
4
4
3
3
3
4
4
4
3
3
3
3
4
4
4
3
3
4
4
4
4
3
3
3
5
4
4
3
3
4
4
4
3
4
3
3
4
4
3
3
3
4
4
4
3
4
4
3
4
4
4
4
4
4
4
4
3
3
3
3
4
4
3
4
4
4
4
3
3
3
3
3
4
4
3
3
4
7
3
3
3
3
3
4
3
3
3
3
3
3
3
3
