9
9
9
9
9
9
9
9
9
10
9
10
9
9
9
10
10
10
9
9
9
9
9
9
9
9
9
9
9
10
9
9
9
9
9
9
9
9
9
9
9
10
9
9
9
10
9
9
9
9
9
9
9
9
9
9
10
9
9
9
9
8
11
9
9
10
9
9
9
9
9
10
9
9
9
9
15
26
11
10
9
10
8
10
9
10
9
10
9
11
9
9
9
10
8
10
10
8
9
11
9
10
9
10
9
10
9
10
9
10
9
10
10
39
35
39
35
33
32
11
9
11
9
10
10
10
10
10
11
14
14
15
14
15
14
14
15
13
10
10
9
10
9
11
9
10
10
10
9
10
10
10
9
10
10
10
9
10
10
9
10
10
9
10
9
10
9
19
17
16
10
10
9
10
9
9
9
9
9
10
9
10
9
9
10
21
20
22
16
9
9
10
9
10
9
10
9
11
10
10
9
10
9
10
9
10
10
10
10
11
9
9
10
10
9
9
11
10
9
10
9
10
9
9
10
9
9
10
9
9
9
9
9
9
9
9
9
9
9
10
10
9
9
10
10
10
11
11
10
10
9
12
10
11
10
10
10
10
10
10
9
10
9
10
9
9
10
9
10
10
9
10
10
10
10
11
11
10
11
11
10
11
10
9
10
10
10
10
