2
1
1
1
2
2
2
2
1
1
2
1
1
2
1
2
2
2
1
2
1
1
2
2
1
1
1
2
2
3
2
1
2
1
2
2
3
2
2
1
2
2
3
1
2
1
1
2
2
1
1
1
1
2
3
1
1
1
2
1
2
2
2
2
2
2
2
1
1
1
2
1
1
1
1
1
2
2
3
1
2
2
1
2
2
2
2
1
3
2
1
1
1
1
2
1
2
2
1
1
2
2
1
2
1
2
2
1
2
2
2
1
2
2
2
2
3
2
2
4
2
2
2
1
2
3
2
2
3
31
28
27
30
29
30
28
29
29
17
19
17
14
20
26
22
25
26
23
25
42
29
27
33
30
11
7
2
3
7
5
7
6
3
5
6
4
2
6
3
1
1
1
2
2
2
2
1
1
1
1
1
2
1
1
2
2
1
3
1
2
2
3
2
2
1
1
2
1
2
2
1
1
2
3
2
2
2
1
2
2
1
2
2
2
2
2
2
2
1
1
2
2
2
2
2
2
3
2
2
1
1
1
2
2
1
2
1
1
2
2
2
2
2
2
2
2
2
2
2
2
2
2
2
1
2
1
2
1
2
2
2
2
2
1
2
2
1
1
2
2
2
1
4
2
1
2
2
2
2
1
2
2
2
1
1
2
1
2
