12
15
11
11
13
9
4
4
6
12
16
10
8
20
7
6
5
7
5
5
5
12
20
5
6
5
6
5
5
10
9
9
9
5
9
10
10
7
10
11
10
20
12
12
15
11
10
15
13
10
11
11
10
14
11
9
9
9
9
11
11
9
10
11
11
14
11
10
10
11
10
13
11
9
10
11
11
19
12
10
12
13
11
11
11
11
11
12
13
14
10
14
11
11
14
14
6
6
5
7
5
8
6
5
5
5
4
6
4
5
5
4
6
6
5
10
5
6
4
6
7
4
5
6
5
7
5
5
5
4
3
4
5
4
4
6
6
5
6
7
4
5
8
6
5
7
4
5
5
6
4
4
4
5
4
4
5
5
5
5
5
5
5
6
6
5
5
7
4
5
6
6
5
5
4
5
4
6
4
5
4
5
5
5
5
5
6
4
6
5
4
4
5
4
4
5
5
6
4
4
4
4
4
4
5
4
4
6
4
4
5
7
4
4
4
4
4
6
3
6
5
4
5
5
4
5
5
4
4
4
4
5
6
9
7
5
8
9
4
9
46
16
5
5
5
5
6
5
5
7
4
4
4
3
4
6
6
4
4
5
5
5
4
4
4
4
4
6
4
6
4
20
15
19
62
33
14
17
20
7
6
7
5
4
5
4
4
4
