5
5
5
5
5
4
1
1
1
1
1
1
1
1
1
8
2
2
1
1
1
1
1
1
1
1
1
1
2
2
1
1
1
1
2
9
2
1
1
1
3
43
35
2
2
2
3
48
29
1
1
1
3
48
24
1
1
1
3
50
46
18
20
22
11
39
14
8
8
7
13
16
10
10
10
7
8
48
50
50
49
48
35
32
35
46
25
32
31
50
38
68
50
13
12
15
10
8
8
9
22
23
23
24
22
7
11
12
14
14
15
14
16
41
84
73
41
37
67
87
63
42
55
66
56
64
34
52
45
56
55
57
36
54
67
58
59
57
58
56
75
74
54
70
75
54
43
61
57
53
50
50
54
33
25
37
39
24
22
29
29
52
44
38
32
34
28
33
40
30
25
25
24
25
25
21
20
22
41
56
76
75
72
41
57
65
57
56
49
55
65
64
39
21
36
11
13
12
6
1
1
1
1
2
1
1
1
1
2
1
2
1
1
1
1
1
2
1
1
2
1
1
1
1
1
1
1
1
1
2
1
1
2
2
1
1
1
2
2
5
5
5
5
5
4
5
5
5
5
5
5
5
5
5
5
5
5
5
5
5
5
5
5
4
4
5
5
5
5
4
4
5
5
5
5
5
5
4
4
4
4
4
4
4
4
5
2
1
