50
53
59
58
57
100
100
100
99
100
99
99
99
99
99
93
77
99
100
92
85
92
94
79
67
61
60
60
61
100
100
91
85
78
72
58
62
61
61
74
56
100
100
87
77
70
58
40
40
39
39
42
48
100
86
64
62
62
58
52
53
51
49
52
51
100
91
84
68
67
64
53
51
53
51
51
54
100
93
85
70
68
64
54
48
46
45
45
48
100
87
67
46
53
48
43
42
42
39
42
45
99
84
60
44
52
45
41
41
42
56
41
45
99
84
66
44
51
42
43
40
44
41
44
42
99
86
66
58
58
55
48
45
49
48
51
51
99
90
77
64
65
55
48
46
48
47
50
52
100
93
77
56
52
40
37
35
35
34
39
38
102
71
50
39
48
38
34
36
35
36
35
36
104
65
47
41
48
35
34
35
39
36
36
39
104
68
47
40
47
38
33
33
37
39
37
40
101
73
50
39
46
38
36
35
38
36
35
40
102
73
49
38
48
37
35
36
36
36
37
41
105
66
47
39
48
36
34
37
38
38
39
43
100
76
56
41
51
45
43
44
43
43
41
44
101
75
55
52
56
51
43
41
42
44
44
47
100
89
100
99
92
72
58
53
54
54
50
51
101
87
82
71
70
67
58
54
54
54
77
82
100
99
86
75
74
73
65
