5
3
4
4
4
9
12
6
5
5
6
6
7
6
10
18
7
7
7
12
8
6
6
5
4
4
4
4
4
4
4
3
4
4
4
10
14
9
4
4
4
4
4
4
4
4
3
4
3
3
3
3
3
4
3
3
3
3
3
4
3
4
4
4
4
4
3
3
3
3
4
4
3
3
3
3
3
4
3
4
4
4
3
4
3
3
3
3
3
4
3
3
3
3
3
4
3
3
3
3
3
4
3
3
3
3
3
3
3
3
3
3
3
4
3
3
3
3
3
3
3
3
3
3
3
4
3
3
3
3
3
4
3
3
3
3
3
4
3
3
3
3
3
4
3
3
3
3
3
15
4
3
3
3
3
3
3
3
3
3
3
3
3
3
3
3
3
3
3
3
3
3
3
3
4
3
3
3
3
3
3
3
3
3
3
3
3
3
3
3
3
3
3
3
3
3
3
3
3
3
3
3
3
3
3
3
3
7
11
7
4
3
3
3
3
3
3
3
3
3
3
3
3
3
3
3
3
3
3
3
3
3
3
4
4
3
3
3
3
3
3
3
3
3
3
4
3
3
3
3
4
3
3
3
3
3
3
7
5
6
6
10
5
5
5
4
3
3
3
4
3
3
4
4
4
4
3
3
3
3
3
4
3
3
6
5
5
5
