6
6
6
6
7
9
11
9
6
7
7
6
8
6
6
6
6
7
6
7
6
6
7
6
7
7
7
8
5
7
6
11
8
5
6
6
6
7
5
6
5
6
6
6
6
5
6
6
6
6
5
6
5
6
6
6
7
5
7
5
6
6
5
7
5
7
6
6
6
5
6
6
6
6
6
6
6
7
7
6
7
6
6
7
6
7
6
7
6
6
7
6
7
7
6
8
7
6
6
6
6
6
5
6
6
6
6
6
7
5
6
6
6
7
6
6
6
6
6
6
6
6
6
6
6
6
6
6
6
6
6
6
6
5
6
6
6
6
6
6
6
6
6
6
7
6
7
6
6
7
6
7
6
6
6
6
6
6
6
6
6
6
6
7
6
6
6
6
6
7
6
6
6
9
11
9
6
6
6
6
6
6
6
6
6
6
6
6
6
6
6
6
6
6
6
6
6
6
6
6
6
6
6
6
6
6
6
6
7
7
6
6
6
6
7
6
6
6
6
6
6
6
6
6
6
6
6
6
6
6
6
7
7
7
6
6
7
6
6
6
6
6
6
7
6
7
6
6
7
7
7
6
6
6
6
6
6
10
8
8
7
6
7
6
6
6
6
6
6
6
6
6
7
6
6
6
6
6
6
6
6
6
6
6
6
6
6
7
