32
30
27
30
30
49
64
44
35
34
41
34
40
22
24
21
22
25
21
28
24
28
21
22
27
26
27
20
18
18
19
18
16
16
17
18
19
20
17
17
17
24
19
20
17
14
16
17
20
16
19
15
16
20
16
16
16
16
16
16
15
16
16
17
16
19
19
16
18
16
16
18
18
16
17
17
16
21
17
19
18
17
16
20
17
18
17
16
19
19
16
18
19
16
18
19
17
22
18
16
17
18
16
18
16
17
22
34
19
17
17
17
17
19
20
19
17
17
15
17
15
18
16
17
16
16
15
16
35
40
15
15
16
16
17
17
19
18
17
17
16
21
18
18
18
20
19
15
16
19
19
18
18
16
18
18
17
17
17
17
17
20
16
19
17
17
17
17
19
18
17
16
19
25
27
18
17
17
18
17
16
19
16
16
18
18
21
18
17
16
18
15
18
18
19
22
17
20
18
19
16
17
18
17
19
17
17
16
22
17
16
17
18
19
18
17
16
18
18
17
17
20
20
17
17
17
19
16
17
18
17
18
17
22
20
21
23
24
26
37
40
50
55
54
59
44
55
54
55
60
58
62
60
61
59
57
60
80
68
68
79
79
78
76
80
73
79
75
77
74
81
77
79
75
82
77
78
77
81
84
82
83
82
82
84
84
84
82
