5
4
5
4
5
6
5
4
5
5
4
4
5
4
4
5
4
5
5
9
6
4
5
7
5
5
4
5
5
4
5
4
4
5
4
5
5
4
5
4
5
4
6
5
4
5
4
4
5
4
4
5
4
5
4
5
4
4
5
4
5
4
4
5
4
6
4
4
5
4
5
4
4
5
4
4
4
4
5
4
5
5
4
4
4
5
4
4
4
4
5
5
4
5
4
5
4
4
5
4
5
4
4
5
4
5
4
4
4
4
5
4
4
5
4
5
4
4
5
4
5
5
4
4
4
4
4
4
5
4
4
4
4
5
4
5
4
5
5
4
4
4
4
5
4
5
4
4
5
4
6
5
5
6
5
4
6
4
5
6
4
6
5
5
5
5
5
5
4
6
5
4
6
12
10
7
4
5
5
4
6
5
5
5
4
4
5
5
5
5
5
5
4
5
6
4
5
5
4
5
4
5
6
4
5
5
5
5
5
6
6
5
5
5
5
5
5
5
6
4
5
5
5
6
5
4
5
4
5
6
4
6
5
4
5
5
5
5
4
6
5
5
5
5
5
6
5
6
6
5
5
4
4
5
5
5
5
5
6
5
4
4
5
5
5
4
5
4
5
4
4
6
4
4
5
5
5
5
5
5
5
5
5
4
5
5
4
5
