2
2
2
2
2
2
3
28
33
2
2
2
2
2
2
2
2
3
2
2
2
2
2
2
2
3
2
2
2
2
2
2
2
2
2
2
2
4
5
5
4
5
24
2
7
5
4
3
4
4
4
5
5
5
3
4
4
5
5
4
3
3
5
2
2
2
2
3
2
4
2
3
2
3
3
6
10
16
10
3
5
4
5
5
6
4
4
4
5
5
4
5
5
5
5
4
5
4
6
5
4
2
4
2
4
3
4
3
13
9
4
3
3
5
4
2
2
2
2
2
2
2
2
2
2
2
2
2
2
2
2
2
2
2
3
6
4
3
4
10
34
11
11
6
6
2
2
2
3
13
22
22
20
17
16
5
2
2
2
2
2
2
2
3
2
2
2
2
2
2
2
2
2
3
2
2
2
2
2
2
2
2
2
2
2
2
2
2
2
2
2
2
2
2
2
2
2
2
2
2
2
2
2
2
2
2
2
2
2
2
2
2
2
2
2
2
2
2
3
2
2
2
2
2
2
2
2
4
2
2
2
2
2
2
2
2
2
2
2
2
2
2
3
2
2
2
2
2
2
2
2
2
2
2
2
2
2
3
4
22
27
2
2
2
2
2
2
3
2
2
2
2
2
2
2
2
2
2
2
2
2
2
2
28
2
3
2
2
