61
56
58
59
56
62
66
55
56
56
54
55
44
49
45
43
41
43
40
47
47
52
64
62
58
51
47
44
45
46
43
44
44
44
53
52
58
51
46
46
46
46
41
45
40
38
46
44
36
46
44
37
34
37
36
38
35
34
41
36
37
35
40
42
35
38
38
38
37
35
40
36
37
42
40
37
35
35
35
37
34
46
39
36
35
34
35
34
34
35
40
53
47
45
47
45
44
46
47
33
34
42
31
38
35
35
42
36
37
35
35
34
34
35
35
38
36
36
39
38
39
48
45
39
41
41
39
45
37
37
41
36
36
34
39
36
37
37
40
41
38
38
42
34
37
45
42
35
36
42
38
39
37
33
42
38
38
37
36
38
35
39
39
39
36
34
40
33
32
40
33
27
28
32
35
30
29
28
34
28
29
29
27
27
30
30
31
34
32
32
36
30
31
40
37
31
31
34
34
40
37
32
37
32
32
30
32
40
49
41
37
37
37
33
38
31
35
43
38
41
45
47
38
45
44
42
45
45
43
40
44
45
41
41
38
47
45
47
44
50
49
51
54
50
51
49
55
48
48
48
53
52
52
50
51
51
48
67
60
55
60
58
60
52
47
50
50
54
51
55
58
55
55
52
53
52
54
54
50
52
52
51
51
54
60
57
54
37
