0
0
0
0
9
10
1
6
0
1
9
10
0
1
0
0
9
10
0
0
0
0
9
11
0
0
0
0
9
9
0
0
0
0
9
10
0
0
0
0
9
10
0
0
0
0
9
9
0
0
0
0
9
9
0
0
0
0
9
10
0
0
0
0
9
10
0
0
0
0
9
9
0
0
0
0
9
10
0
0
0
0
9
9
0
0
0
0
9
9
0
0
0
0
9
10
0
0
0
0
9
9
0
0
1
0
10
10
0
0
0
0
9
9
0
0
0
0
10
9
0
0
0
0
9
10
0
0
0
0
9
9
0
0
0
0
9
9
0
0
0
0
9
10
0
0
0
1
9
10
0
0
0
0
9
10
0
0
0
0
9
8
0
0
0
0
9
9
0
0
0
0
9
9
0
0
0
0
9
8
0
0
0
0
9
9
0
0
0
0
9
9
0
0
0
0
9
9
0
0
0
0
9
9
0
0
0
0
9
10
0
0
0
0
9
10
0
0
0
0
9
10
1
0
1
4
10
10
0
0
0
0
9
10
0
0
0
0
9
10
0
0
0
0
12
8
0
0
0
0
11
8
0
0
0
0
11
12
13
3
0
0
11
8
0
0
0
0
11
8
0
1
0
0
11
8
0
0
0
1
11
8
0
0
0
0
11
8
