14
15
14
14
13
22
29
29
22
14
15
14
14
14
16
29
15
16
20
14
14
13
15
14
14
13
14
13
13
16
18
13
14
12
13
17
18
15
13
13
13
14
20
13
13
12
14
15
15
14
14
14
14
15
20
13
14
13
13
13
13
13
14
14
13
16
20
13
16
12
13
12
13
13
12
12
12
14
19
13
13
12
12
12
12
12
12
11
11
14
18
12
12
11
12
11
12
12
12
11
12
14
14
9
9
8
9
8
8
8
8
8
8
8
14
10
9
9
9
9
9
10
10
10
10
8
13
10
10
8
9
8
8
8
8
8
13
9
12
11
11
8
9
8
8
8
8
8
9
11
13
18
15
14
14
16
13
14
14
14
13
13
20
18
16
15
14
13
13
14
13
13
13
16
22
17
14
13
13
12
12
12
13
12
12
15
21
13
13
12
13
13
13
12
13
13
13
15
21
13
14
13
13
13
13
13
13
16
17
17
21
14
14
13
14
13
14
14
15
16
16
24
27
25
21
26
24
23
21
23
21
20
23
23
28
20
20
18
19
19
20
18
19
17
19
22
28
21
24
23
22
23
20
21
20
20
20
28
31
30
30
22
21
20
20
19
19
19
21
23
26
19
21
20
21
20
22
21
21
20
20
24
26
18
18
20
29
25
