7
7
7
7
7
14
10
10
10
7
7
8
6
6
8
7
8
7
8
7
7
8
9
9
9
7
8
8
8
7
7
6
6
6
6
13
11
10
6
6
6
6
7
7
6
6
6
7
6
6
6
6
6
6
6
6
6
7
7
7
7
7
7
6
7
7
7
6
7
6
7
7
7
7
7
6
7
7
8
7
7
6
7
7
7
7
7
7
7
7
7
8
7
6
8
7
7
7
7
7
7
7
8
7
7
7
7
7
7
6
7
7
7
7
8
8
7
7
7
7
7
7
6
6
7
7
7
7
7
7
7
6
7
6
6
7
7
6
6
7
7
6
6
6
6
7
7
6
7
7
5
6
8
7
5
7
7
6
6
6
7
6
7
7
7
7
7
7
7
6
6
6
7
8
25
29
29
28
20
7
7
7
7
6
7
6
8
8
7
6
7
7
7
7
7
6
7
6
7
7
7
6
6
6
7
7
7
13
14
9
8
7
7
7
7
7
7
8
7
7
8
18
13
17
11
22
30
17
12
15
15
12
15
13
13
15
15
17
15
12
15
15
14
12
13
13
12
10
13
14
14
15
15
14
11
13
14
26
14
15
15
13
14
14
12
15
14
14
16
10
10
10
11
8
11
12
14
8
8
12
10
10
11
13
12
10
10
12
