0
1
1
0
0
0
1
0
3
2
1
0
0
0
0
0
1
1
1
1
1
1
0
0
0
1
0
0
2
0
1
0
0
1
0
2
12
12
12
12
12
12
3
0
1
0
0
0
1
0
0
1
0
0
1
0
0
1
0
0
0
0
0
1
1
1
1
0
0
0
0
1
1
0
0
0
1
1
1
2
2
2
3
4
2
3
3
2
3
4
3
2
0
4
1
0
2
1
0
1
2
1
3
0
0
1
0
8
13
12
11
13
12
8
0
1
0
0
0
1
0
0
1
0
0
0
0
0
0
0
0
0
0
0
2
13
12
12
2
0
0
0
0
0
0
0
0
0
0
0
0
1
0
0
0
0
0
0
0
0
0
0
0
0
0
0
0
0
0
0
0
0
0
0
0
0
0
0
0
0
10
11
11
11
12
11
6
0
0
0
0
0
0
0
0
0
0
0
1
0
0
1
2
0
1
0
1
1
0
0
0
1
0
0
1
0
0
1
0
0
0
1
0
0
1
0
0
1
12
11
11
12
8
9
6
0
1
0
0
0
0
0
0
0
0
0
0
0
0
0
0
0
0
0
0
0
0
1
0
0
0
0
0
0
0
0
0
0
1
0
0
0
0
0
1
2
12
15
14
13
13
13
9
2
2
1
1
2
