21
23
25
20
24
26
26
25
26
17
20
21
26
21
17
17
15
20
14
26
19
13
12
10
11
9
10
9
11
11
12
11
11
9
10
9
10
9
10
9
10
12
13
15
11
9
10
9
10
9
9
10
9
13
12
16
9
10
9
10
9
11
9
10
9
13
11
15
9
10
9
11
9
10
9
10
9
12
11
13
11
9
10
9
10
9
10
9
10
10
10
9
10
9
10
9
10
9
11
10
11
9
10
9
10
9
10
10
10
11
9
11
9
11
9
11
9
11
10
11
9
11
9
11
9
11
9
11
10
11
9
11
9
11
9
10
10
10
10
9
11
9
10
9
10
9
11
9
11
9
10
9
10
9
10
9
11
10
10
9
10
9
10
9
10
10
10
10
9
11
9
10
9
11
9
11
9
11
9
11
9
11
9
11
9
11
9
10
10
10
9
11
9
10
10
10
10
9
11
9
11
10
11
11
12
12
12
10
12
11
14
14
15
13
15
13
13
12
15
16
18
18
20
19
14
14
13
15
12
14
15
17
15
19
18
21
13
15
12
12
11
13
23
13
16
15
13
16
12
18
24
20
16
23
19
23
20
17
18
17
19
18
19
18
20
16
17
17
18
18
20
21
16
15
13
13
15
13
13
12
15
19
18
18
17
16
14
15
