9
4
5
10
4
4
4
10
3
5
5
2
9
9
4
9
3
3
1
5
2
1
6
2
4
1
2
3
4
1
1
6
5
5
1
1
1
1
1
1
1
1
3
1
1
1
3
5
4
2
2
2
1
2
5
5
4
3
7
6
3
8
9
1
2
2
1
1
8
2
1
1
5
13
3
2
1
1
1
1
3
2
1
2
2
1
2
2
1
1
1
1
1
2
2
1
0
1
1
2
1
1
7
1
1
4
0
1
0
1
1
1
1
0
1
1
0
1
1
1
1
1
1
1
1
0
1
1
1
1
1
2
1
1
0
1
1
0
1
1
1
1
0
1
1
1
0
0
0
0
1
1
1
0
1
1
0
0
0
1
1
0
1
0
0
0
0
1
1
1
0
0
0
1
1
0
0
1
1
1
1
1
1
1
0
1
1
0
1
1
1
4
2
3
1
1
1
1
1
1
2
1
1
2
1
1
0
1
1
1
2
3
4
2
2
3
6
5
3
7
17
4
9
7
6
4
6
3
9
3
4
6
5
3
4
2
6
4
5
5
11
5
5
3
4
3
3
3
8
7
9
4
6
6
11
3
4
10
13
2
4
7
9
4
13
4
8
5
10
5
2
5
7
10
9
13
7
8
7
11
8
9
20
7
7
6
6
9
