2
2
2
2
2
2
2
2
2
2
2
2
2
2
2
2
2
2
2
2
2
2
2
2
2
2
3
2
2
2
2
2
2
2
2
3
2
2
2
3
2
2
2
2
2
2
2
3
2
2
2
2
2
3
2
3
9
11
3
7
3
3
3
3
3
3
3
3
3
3
3
3
3
3
3
3
3
3
3
3
3
3
3
3
3
3
3
3
3
3
3
3
3
3
3
3
3
3
3
3
3
3
3
3
3
3
3
3
4
3
3
3
3
3
3
3
3
3
3
3
3
3
3
3
3
3
3
3
3
3
3
3
3
3
3
3
4
5
7
3
3
3
3
3
3
3
3
3
6
3
3
3
9
5
3
3
3
3
3
3
3
3
3
3
3
3
3
3
3
3
3
3
3
3
3
3
3
3
2
3
2
2
2
3
2
2
2
2
2
2
2
3
2
2
2
3
2
2
2
2
2
2
2
3
2
2
2
3
2
2
3
3
3
3
3
3
3
3
3
3
3
3
3
3
3
14
10
12
11
11
11
11
10
10
11
12
10
11
10
10
11
10
11
10
11
6
3
3
12
9
6
3
3
3
12
12
4
3
3
3
3
3
3
4
14
12
11
12
12
12
11
10
12
10
12
11
11
11
12
12
12
12
11
12
12
12
12
12
