23
25
22
23
23
23
23
25
24
24
25
24
24
25
25
23
23
27
27
27
26
27
26
27
27
27
26
27
27
27
26
26
26
29
27
27
26
27
26
27
26
27
27
27
26
27
27
27
26
26
27
27
26
27
27
26
26
26
26
27
27
27
26
27
26
26
27
27
26
27
26
27
27
27
26
27
26
26
26
27
26
27
26
26
26
27
27
26
26
26
26
27
26
27
27
27
26
27
26
27
26
26
26
27
26
27
26
27
26
27
26
27
27
27
26
27
26
27
28
28
27
27
26
26
27
27
26
27
27
27
26
26
26
27
26
27
26
28
26
27
27
27
26
27
26
27
27
27
26
27
26
27
26
27
26
27
26
27
26
27
27
27
27
27
28
27
26
27
26
27
26
27
27
27
27
27
26
27
27
27
26
27
26
27
26
27
26
27
27
28
26
26
27
27
26
27
26
27
27
27
26
26
26
27
26
24
24
26
24
24
24
24
24
24
25
28
26
26
26
26
27
26
26
27
26
26
26
26
26
26
26
26
26
26
26
26
25
39
16
15
14
28
67
68
75
67
66
37
13
13
13
13
12
13
12
13
13
13
12
13
20
13
14
13
13
44
13
19
13
13
12
19
17
17
17
17
17
17
16
17
17
17
17
17
14
20
17
17
