6
5
5
6
5
5
6
5
5
6
5
5
5
5
5
6
6
10
9
8
7
6
9
9
7
6
6
10
11
11
10
9
11
12
12
12
12
12
12
12
11
12
12
12
12
12
12
12
12
12
12
12
12
12
12
12
12
11
11
12
11
10
9
11
12
12
12
11
12
12
12
12
12
12
12
12
11
12
14
14
14
14
14
14
14
6
4
12
14
14
14
14
14
14
6
4
4
4
4
4
4
4
4
4
4
4
4
4
4
4
4
4
4
12
10
10
10
10
10
10
10
10
10
10
10
10
10
10
10
10
10
12
11
14
11
13
11
10
10
13
14
10
14
13
11
12
10
10
11
10
13
12
10
9
8
8
8
7
6
6
6
5
5
4
4
4
4
4
4
4
4
4
4
4
4
4
4
4
4
4
4
4
4
4
4
3
4
4
4
4
4
3
4
4
4
4
4
3
4
3
3
3
3
3
3
3
4
5
7
16
11
13
14
12
11
10
13
13
12
13
14
13
12
13
13
13
12
16
16
13
14
15
13
13
11
12
13
12
13
10
13
13
14
11
11
11
15
13
11
11
12
15
5
5
5
5
5
5
6
5
5
5
5
5
5
11
13
14
10
10
11
11
5
4
5
7
7
7
7
4
6
5
5
11
10
13
12
17
