0
0
2
0
0
0
1
0
1
1
0
0
0
1
1
1
1
0
1
0
1
1
0
0
0
2
0
0
0
0
4
0
1
1
0
1
1
0
0
0
0
0
1
0
1
1
1
1
0
0
0
0
0
0
4
0
1
1
1
0
0
0
0
0
0
0
1
1
1
14
14
12
86
95
84
0
0
2
3
0
1
0
0
0
0
0
0
0
0
2
1
0
0
0
0
0
0
0
0
0
1
1
1
0
0
0
0
0
0
0
0
0
2
0
1
0
0
0
0
0
0
0
2
0
0
0
1
0
0
0
0
0
0
2
0
0
0
0
1
0
3
0
0
0
0
2
0
0
0
0
1
0
0
0
0
0
0
2
0
0
0
0
1
0
0
0
0
0
2
0
0
0
0
0
1
0
0
0
2
0
0
0
0
0
0
0
1
0
0
2
0
0
0
0
0
0
0
0
1
0
1
1
0
0
0
0
0
0
0
0
2
1
0
0
0
0
1
0
1
0
1
0
7
0
0
0
0
0
0
0
0
0
2
0
1
0
0
0
0
0
0
0
0
1
1
0
1
0
0
0
0
0
0
1
1
0
0
0
1
0
0
0
0
2
1
0
0
0
0
0
6
1
0
0
2
1
0
0
1
0
0
1
1
0
0
0
2
0
