5
6
8
5
4
4
4
4
4
4
5
4
4
5
6
5
4
5
4
5
5
5
5
4
4
9
5
5
5
5
5
5
5
5
5
5
5
5
5
5
5
5
6
5
7
9
5
5
4
5
6
5
5
5
5
5
5
4
5
4
5
10
6
6
5
5
5
5
5
5
5
5
0
77
95
95
95
17
8
6
5
6
5
5
5
8
7
6
5
5
5
5
5
5
5
5
5
9
7
5
5
4
4
4
5
4
4
5
5
5
5
4
4
4
4
4
4
4
6
4
4
5
5
4
4
4
4
4
5
5
4
4
4
5
5
4
4
4
6
4
4
8
4
4
5
6
5
4
5
5
4
5
4
4
4
4
4
6
5
4
6
4
4
4
4
4
4
4
4
5
5
5
6
4
4
4
4
4
4
4
4
8
5
4
4
4
4
7
4
4
4
4
6
6
4
4
4
4
4
4
4
4
8
5
4
6
5
5
5
6
5
6
5
7
4
5
4
6
5
4
4
5
6
7
5
5
5
5
5
14
10
7
8
8
7
9
7
7
8
7
7
7
5
5
6
6
5
5
5
5
5
5
14
13
7
9
7
7
8
7
7
7
7
8
8
18
13
8
8
8
8
8
8
8
8
7
9
10
8
7
7
8
8
8
7
7
7
8
