1
1
1
1
1
1
1
1
1
1
1
1
1
1
1
1
1
1
1
1
1
14
10
77
103
101
79
77
78
83
81
78
77
78
77
81
83
83
84
91
93
101
100
102
102
103
103
103
102
100
102
102
101
102
101
102
102
101
102
101
101
101
100
102
100
102
102
100
102
100
102
102
100
102
101
101
102
100
102
101
101
101
100
102
101
96
96
96
96
96
96
96
96
96
96
96
96
96
96
96
86
84
75
71
71
71
62
57
44
43
43
43
43
43
43
43
43
42
29
29
17
15
15
15
15
15
15
15
15
15
15
15
15
15
15
15
15
15
15
15
15
15
15
15
15
15
15
15
15
6
1
1
1
1
1
1
1
1
1
1
1
1
1
1
1
1
1
1
1
1
1
1
1
1
1
1
1
1
1
1
1
1
1
1
1
1
1
1
1
1
1
1
1
1
1
1
1
1
1
1
1
1
21
1
1
1
1
19
45
102
102
101
102
102
101
102
101
102
102
101
102
102
101
102
101
102
102
101
102
102
101
102
102
101
102
101
101
102
101
102
102
101
102
101
101
102
101
101
102
101
100
102
101
102
102
101
102
102
101
102
102
101
102
102
101
102
99
97
97
96
93
84
84
84
84
80
71
64
57
36
20
15
15
15
15
15
15
15
