0
0
0
1
0
0
0
0
0
0
0
0
0
0
0
0
0
0
0
0
0
16
6
64
99
100
103
104
104
104
104
104
104
103
103
103
104
104
104
92
87
94
93
92
91
94
91
95
91
95
91
94
91
95
91
95
92
89
87
89
87
89
87
86
88
92
93
91
93
91
94
87
94
92
94
88
89
82
89
88
90
88
93
86
81
81
82
81
83
83
84
80
84
85
83
84
83
81
83
84
83
83
95
95
86
96
93
96
96
89
96
101
97
93
75
71
61
57
57
57
57
56
42
29
29
16
15
15
15
15
15
15
15
15
15
15
15
15
15
15
15
15
15
15
15
15
15
15
15
15
15
15
15
15
15
15
15
15
15
15
15
15
15
4
0
0
0
0
0
0
0
0
0
0
0
0
0
0
0
0
0
0
0
0
0
0
0
0
0
0
0
1
0
0
0
0
0
0
0
0
0
0
21
1
1
0
0
16
59
101
103
103
103
103
104
104
102
101
102
102
103
103
103
101
103
103
104
104
101
104
104
104
104
103
104
103
104
104
104
104
104
104
104
104
103
104
104
104
104
104
103
104
104
104
104
104
104
103
104
104
104
104
104
104
104
104
104
104
104
104
104
104
104
100
86
65
43
31
29
27
15
15
15
2
0
0
0
0
