1
1
1
1
1
1
1
1
1
1
1
1
1
1
1
1
1
1
1
2
11
15
70
103
103
104
104
104
104
104
104
104
104
104
104
104
104
104
104
104
104
104
104
104
104
104
104
104
104
104
104
104
104
104
104
104
104
104
104
104
104
104
104
104
104
104
104
104
104
104
104
104
104
104
104
104
104
104
104
104
104
104
104
104
104
104
104
100
98
98
98
98
89
86
84
67
57
57
57
57
57
57
46
29
29
29
16
15
15
9
0
0
0
0
0
0
0
0
0
0
0
0
0
0
0
0
0
1
1
1
1
1
1
1
1
1
1
1
1
1
1
1
1
1
1
1
1
1
1
1
1
1
1
1
1
1
1
1
1
1
1
1
1
0
1
1
1
1
1
0
1
1
1
0
1
1
1
0
1
1
1
0
0
1
1
0
0
0
0
0
1
0
0
0
0
0
0
0
0
0
1
24
1
1
1
1
15
45
97
100
100
100
100
100
99
99
99
99
99
99
99
99
96
96
96
96
96
96
96
96
96
96
96
96
96
96
96
96
96
96
96
96
96
96
96
96
96
96
96
96
96
96
96
96
96
96
96
96
96
96
96
96
96
96
96
96
96
96
96
96
96
96
96
96
91
86
74
66
52
31
29
29
29
29
25
15
15
15
