1
1
1
1
1
1
1
1
1
1
1
1
1
1
1
1
1
1
1
1
1
15
11
33
101
104
103
104
104
104
103
104
103
104
104
104
103
104
103
104
103
104
104
103
104
104
104
103
104
103
103
103
103
103
103
103
103
104
104
104
103
104
104
103
104
104
103
104
103
104
103
104
95
94
104
104
103
104
104
104
95
103
104
104
98
93
93
93
93
93
98
96
93
95
94
94
94
94
94
93
79
72
58
57
61
61
61
57
54
48
29
28
29
29
29
29
23
15
15
15
15
15
15
15
15
15
4
1
1
1
1
1
1
1
1
1
1
1
1
1
1
1
1
0
1
1
1
1
1
0
1
1
1
0
1
1
0
0
0
0
1
0
0
0
0
0
0
0
1
0
1
1
1
1
1
1
1
1
1
1
1
1
1
1
1
1
1
1
1
1
1
1
1
1
1
1
1
1
1
1
1
1
6
1
1
1
1
13
79
100
101
101
103
103
96
92
93
93
95
97
99
102
104
104
104
104
104
104
104
104
104
104
104
103
105
104
105
105
104
105
105
104
105
105
105
105
105
105
105
105
105
105
105
105
104
105
105
104
99
98
98
98
98
101
103
101
96
94
72
58
55
43
45
37
29
29
29
29
29
29
29
29
29
29
29
29
28
15
