0
0
0
0
0
0
0
0
0
0
0
0
0
0
1
1
78
65
18
14
1
50
46
15
14
1
74
99
97
86
41
88
101
104
104
104
104
104
102
102
102
101
101
102
100
100
102
100
99
99
98
98
97
97
98
97
93
91
98
87
37
14
75
104
102
103
101
102
102
102
102
101
102
101
102
101
103
100
102
100
103
101
102
101
102
102
101
102
101
102
101
103
101
102
101
102
95
99
105
105
104
104
105
105
105
105
105
105
105
105
105
105
105
105
105
105
105
104
104
104
105
103
104
105
105
105
105
105
105
105
105
105
105
104
103
104
104
104
104
104
104
104
104
103
103
102
101
101
101
101
100
101
101
95
94
95
96
96
96
96
96
90
83
82
82
82
82
81
82
82
81
82
81
81
81
82
82
80
51
42
42
42
42
42
42
42
41
28
24
3
1
1
1
1
1
1
1
1
1
1
1
1
1
1
1
1
19
9
68
72
73
72
72
72
73
73
73
72
72
73
72
73
73
73
73
73
72
72
72
72
73
73
72
74
76
76
78
79
80
79
97
103
103
102
103
103
102
103
103
103
103
103
103
104
104
104
103
104
104
104
104
104
105
104
105
105
105
105
104
105
105
105
105
99
98
98
94
84
72
83
104
104
102
101
100
100
99
99
