0
0
0
0
0
0
0
1
21
0
0
22
3
0
0
0
0
0
0
0
9
16
32
105
105
105
105
105
105
105
105
105
105
105
105
105
105
105
105
105
105
105
105
105
105
105
105
105
105
105
105
105
105
105
105
105
104
105
105
105
105
105
105
105
105
105
105
105
105
105
105
105
105
105
105
105
105
105
105
105
105
105
105
105
105
105
105
98
87
87
74
72
72
66
58
58
55
43
43
18
15
15
12
0
0
0
0
0
0
0
1
0
0
0
0
0
0
0
0
0
0
0
0
0
0
0
1
0
0
0
0
0
0
0
0
0
0
0
0
0
0
0
0
0
0
0
0
0
0
0
0
0
0
0
0
0
0
0
0
0
0
0
0
0
0
0
0
0
0
0
0
0
0
0
0
0
0
0
0
0
0
0
0
0
0
0
0
0
0
0
0
0
0
0
0
0
0
0
0
0
0
0
0
0
0
0
20
65
73
71
71
71
71
71
71
71
71
71
71
71
71
71
71
71
71
71
71
71
71
71
71
71
71
71
71
71
71
71
71
71
95
105
105
105
105
105
98
102
103
102
103
102
102
103
103
103
103
103
103
103
101
100
93
103
103
103
102
103
102
103
103
103
103
102
102
85
86
86
86
85
85
85
68
57
56
52
36
23
