0
0
0
0
0
0
0
2
24
0
0
25
4
0
0
0
0
0
0
0
14
11
38
104
104
104
104
104
104
104
104
104
104
104
104
104
104
104
104
103
104
104
104
103
104
104
104
104
104
104
104
104
104
104
103
104
104
103
104
104
103
104
104
104
103
104
104
103
104
104
104
104
104
104
104
104
104
104
104
104
104
103
104
104
104
104
104
103
98
98
98
98
98
98
98
94
86
66
58
58
58
55
38
22
10
0
0
0
0
0
0
0
0
0
0
0
0
0
0
0
0
0
0
0
0
0
0
0
0
0
0
0
0
0
0
0
0
0
0
0
0
0
0
0
0
0
0
0
0
0
0
0
0
1
0
0
0
0
0
0
0
0
0
0
0
0
0
0
0
0
0
0
0
0
0
0
0
0
0
0
0
0
0
0
0
0
0
0
0
0
0
1
0
0
0
0
0
0
0
0
0
0
0
0
0
0
19
11
101
104
104
104
104
104
104
103
103
104
104
104
104
104
103
104
104
104
104
104
104
104
103
104
104
104
104
104
104
104
104
103
104
104
103
104
103
104
104
104
103
104
104
104
104
104
104
104
104
104
104
104
104
104
104
104
103
101
101
98
96
86
76
72
61
44
32
15
15
15
15
15
15
15
15
15
15
15
15
15
