100
36
9
1
1
1
1
1
0
0
1
1
11
2
1
12
0
1
12
0
0
0
0
0
0
1
1
1
35
100
102
102
102
103
102
102
102
101
99
101
99
97
98
91
87
77
66
41
95
100
101
102
102
101
101
100
101
100
100
100
101
101
101
100
98
97
97
98
99
98
98
98
98
98
99
98
100
100
93
96
81
60
25
14
5
84
102
100
93
53
21
9
0
0
47
101
99
89
53
21
6
0
0
0
37
102
101
101
101
101
100
96
87
84
76
61
52
40
15
4
1
96
102
102
97
77
62
47
25
3
0
0
0
1
0
0
0
0
14
99
101
97
81
51
22
2
0
0
1
1
18
101
101
100
61
40
10
1
13
99
96
91
63
29
0
0
0
0
45
82
19
11
1
1
1
1
1
1
1
1
1
1
1
1
0
0
0
0
0
0
0
0
0
0
0
0
0
0
0
0
0
0
0
0
0
0
0
0
0
0
1
0
0
0
0
0
0
0
0
0
0
0
0
0
0
0
0
0
0
0
0
0
0
0
0
0
0
0
0
0
0
0
0
0
0
0
0
0
0
0
0
0
6
69
82
99
98
97
98
98
99
99
97
96
97
96
96
96
95
91
71
46
26
15
14
7
1
1
1
1
1
1
1
1
1
1
0
0
