0
0
0
0
0
0
0
0
37
96
96
96
96
96
96
95
96
94
95
95
96
93
80
55
45
23
5
29
86
95
96
96
96
96
96
96
95
96
96
96
94
95
96
95
94
95
95
96
96
96
96
96
96
95
94
95
96
95
82
92
47
14
0
71
96
81
43
20
10
0
59
96
96
96
93
96
96
96
96
97
96
96
96
95
95
96
96
96
96
96
96
96
96
96
96
96
96
95
95
94
96
97
97
97
97
96
95
93
94
95
95
92
92
90
84
82
81
80
79
75
41
23
0
0
0
0
0
0
0
0
19
96
87
56
26
14
14
2
15
96
93
85
27
14
2
0
0
0
42
83
18
3
0
0
0
0
0
0
0
0
0
0
0
0
0
0
0
0
0
0
0
0
0
0
0
0
0
0
0
0
0
0
0
0
0
0
0
0
0
0
0
0
0
0
0
0
0
0
0
0
0
0
0
0
0
0
0
0
0
0
0
0
0
0
0
0
0
0
0
0
0
0
0
0
0
0
0
0
0
0
0
0
6
84
94
92
90
87
91
90
92
92
93
90
89
79
73
57
28
10
0
0
0
0
0
0
0
0
0
0
0
0
0
0
0
0
0
0
0
0
0
0
0
0
0
0
0
0
0
0
0
0
0
0
0
0
1
0
