11
0
0
0
0
0
0
0
0
0
34
104
104
104
104
104
103
104
103
103
102
103
102
101
100
94
92
70
39
27
89
98
98
98
98
98
99
100
97
97
97
97
99
98
98
97
98
98
98
98
98
98
99
97
98
100
99
101
99
100
93
83
71
39
9
74
97
73
35
18
0
0
68
104
105
105
95
104
105
104
104
105
105
104
104
105
103
104
104
104
104
101
101
103
100
104
104
104
104
104
104
103
103
101
102
102
101
102
101
102
102
103
103
103
96
96
93
84
83
73
61
56
45
42
42
41
29
28
24
14
4
0
25
100
83
50
22
14
6
0
0
0
0
0
0
0
0
0
0
0
44
81
16
0
0
0
0
0
0
0
0
0
0
0
0
0
0
0
0
0
0
0
0
0
0
0
0
0
0
0
0
0
0
0
0
0
0
0
0
0
0
0
0
0
0
0
0
0
0
0
0
0
0
0
0
0
0
0
0
0
0
0
0
0
0
0
0
0
0
0
0
0
0
0
0
0
0
0
0
0
0
0
0
0
8
88
97
99
100
97
98
98
96
96
97
98
95
83
66
53
19
5
0
0
0
0
0
0
0
0
0
0
0
0
1
0
0
0
0
0
0
0
0
0
0
0
0
0
0
0
0
0
0
0
0
0
0
0
