1
1
1
1
37
104
104
103
103
104
104
103
103
104
101
101
100
102
100
100
101
90
47
18
86
99
99
99
100
99
99
99
99
99
99
99
99
98
99
98
99
100
100
100
102
100
101
101
99
99
99
100
100
97
94
71
36
26
14
10
1
87
102
93
65
37
69
103
104
104
102
104
104
104
103
104
104
104
104
104
104
103
103
102
103
103
103
102
103
104
104
104
104
103
104
104
103
104
104
103
104
102
103
104
103
103
102
102
102
101
101
103
103
103
103
104
101
101
101
102
97
87
81
70
67
57
53
57
57
57
48
34
20
11
1
0
0
0
0
0
0
0
0
0
52
77
20
15
15
15
15
15
15
15
15
15
15
15
15
15
15
15
15
15
15
15
14
15
15
15
15
15
15
15
15
15
10
1
1
1
1
1
1
1
1
1
1
1
1
1
1
1
0
1
1
1
1
0
0
0
0
0
0
0
0
0
0
0
0
0
0
0
0
0
0
0
0
0
0
0
0
0
0
0
0
0
0
0
6
88
99
98
97
94
95
94
92
94
95
95
94
88
58
38
13
4
0
0
0
1
1
1
1
1
1
1
1
1
1
1
1
0
1
1
0
0
0
0
0
0
0
0
0
0
0
0
0
0
0
1
0
0
0
0
0
0
0
0
