1
0
3
0
0
2
0
0
0
0
0
0
0
0
0
38
104
104
104
103
104
101
102
103
101
101
99
95
91
84
64
40
24
15
35
90
102
104
103
103
104
103
103
102
102
102
100
101
100
101
100
100
102
102
100
101
102
102
102
101
99
100
101
100
100
85
99
85
69
39
25
12
83
98
78
53
35
14
3
0
0
48
99
84
45
29
18
14
7
0
0
36
99
99
98
93
81
70
56
43
43
43
30
29
29
29
26
9
96
104
104
101
72
54
43
39
22
2
0
0
0
0
0
0
0
16
99
92
69
34
29
4
0
0
0
0
0
17
84
83
45
29
25
14
12
0
0
0
0
0
0
0
0
0
0
45
83
21
15
15
2
0
0
0
0
0
0
0
0
0
0
0
0
0
0
0
0
0
0
0
0
0
0
0
0
0
0
0
0
0
0
0
0
0
0
0
0
0
0
0
0
0
0
0
0
0
0
0
0
0
0
0
0
0
0
0
0
0
0
0
0
0
0
0
0
0
0
0
0
0
0
0
0
0
0
0
0
0
0
3
87
98
96
93
95
95
95
93
92
95
95
72
52
17
10
0
0
0
0
0
0
0
0
0
1
0
0
0
0
0
0
0
0
0
0
0
0
0
0
0
0
0
0
0
0
0
0
0
