0
0
0
0
0
1
0
0
35
102
102
103
102
102
102
101
99
102
101
100
102
100
94
94
92
82
57
58
97
100
101
101
101
101
101
101
102
101
101
100
99
98
98
99
98
99
99
100
98
99
97
98
99
97
95
98
98
100
89
70
54
29
20
0
1
82
101
98
82
55
35
29
16
0
43
101
97
92
68
40
29
11
0
0
39
101
101
101
101
100
96
96
96
82
70
70
71
69
48
41
19
15
15
14
1
0
0
0
0
0
0
0
0
0
0
1
0
0
17
98
102
101
101
76
19
0
0
1
0
0
0
0
0
0
0
0
0
0
0
0
0
0
0
0
0
0
0
0
50
80
24
15
7
0
0
0
0
0
0
0
0
0
0
0
0
0
0
0
0
0
0
0
0
0
0
0
0
0
0
0
0
0
0
0
0
0
0
0
0
0
0
0
0
0
0
0
0
0
0
0
0
0
0
0
0
0
0
0
0
0
0
0
0
0
0
0
0
0
0
0
0
0
0
0
0
0
0
0
0
0
0
0
5
90
99
99
99
97
97
97
97
97
96
98
96
95
88
86
71
54
21
2
1
1
0
0
0
0
0
0
0
0
0
0
0
0
0
0
0
0
0
0
0
0
0
0
0
0
0
0
0
0
0
0
0
0
0
0
