4
6
4
7
10
9
6
4
5
4
5
4
4
4
6
4
6
5
4
6
4
4
4
4
3
3
5
4
7
3
3
4
3
3
3
4
3
3
3
3
3
4
4
4
4
3
5
4
4
6
6
6
5
5
6
7
10
6
5
5
6
8
7
5
8
6
7
7
5
5
5
6
4
9
4
5
6
5
5
6
4
3
3
5
6
4
4
5
6
9
6
4
4
4
4
5
5
4
4
4
4
4
4
5
8
5
4
6
9
9
5
5
5
5
5
5
4
5
5
6
6
9
5
4
5
5
6
4
5
5
5
6
4
7
5
8
7
13
10
10
5
6
4
6
7
6
4
5
5
8
5
6
5
5
9
10
5
5
6
5
4
5
13
6
5
5
7
5
5
5
6
5
4
4
5
6
7
6
5
6
7
5
8
5
6
5
7
6
7
5
5
6
6
4
4
5
4
4
4
4
4
4
7
8
7
4
5
4
6
7
4
4
3
3
6
6
4
4
4
4
4
5
4
5
5
5
9
6
6
7
12
11
6
4
8
7
8
6
5
5
6
5
6
6
5
6
5
5
6
5
7
8
5
8
7
7
5
6
8
6
6
5
5
7
5
5
7
6
5
6
5
7
9
5
6
5
5
6
7
6
7
10
10
10
8
8
11
6
