0
0
0
0
0
0
0
0
0
0
0
0
0
0
0
0
0
23
3
0
0
0
0
0
0
0
0
0
0
0
0
0
55
73
73
73
73
73
73
73
73
73
72
72
73
73
72
72
72
72
72
72
73
72
72
72
65
50
58
72
66
45
28
75
102
103
103
102
103
103
103
103
103
103
103
103
103
102
102
103
102
103
103
103
102
103
103
103
103
103
103
103
103
103
103
103
103
103
103
103
103
103
103
103
103
103
103
104
103
103
103
103
103
103
103
103
103
103
103
103
103
103
103
103
103
103
103
104
103
103
103
103
103
103
103
103
103
103
104
103
103
103
103
103
103
102
103
103
103
102
98
90
86
86
86
74
72
71
51
55
55
55
54
55
55
54
54
54
54
55
54
54
54
54
54
54
55
55
55
55
55
42
42
30
15
15
15
15
15
15
15
15
15
15
15
15
15
15
15
15
15
3
0
0
0
0
0
20
63
72
72
72
72
72
72
72
72
72
72
72
72
72
72
72
72
72
72
72
72
72
72
72
72
72
72
72
72
72
72
72
72
72
72
72
72
72
72
72
72
72
72
72
72
72
72
72
72
72
72
72
72
72
72
72
72
72
72
72
72
72
72
72
75
71
77
79
79
83
87
87
84
79
80
82
82
82
83
85
