0
0
0
0
0
0
0
0
0
0
0
0
0
0
0
0
0
0
0
0
0
0
0
0
0
0
0
0
0
0
0
0
80
103
102
103
102
103
102
103
103
103
103
102
103
103
103
103
101
103
101
101
102
100
101
103
96
77
89
101
94
33
12
61
103
103
103
103
103
103
103
103
103
104
104
103
103
104
104
104
104
104
104
104
104
104
104
104
104
103
100
102
100
102
101
102
101
99
102
101
100
102
102
100
102
102
99
102
102
100
102
102
101
102
101
102
102
100
102
102
100
102
103
100
101
102
101
101
103
102
100
103
101
100
103
102
100
103
102
100
103
102
101
103
100
102
102
100
102
101
101
100
94
84
81
67
57
45
43
35
21
15
15
15
15
15
15
15
15
15
15
15
15
15
15
15
15
15
15
15
15
15
4
0
0
0
0
0
0
0
0
0
0
0
0
0
0
0
0
0
0
0
0
0
0
0
0
24
11
102
102
103
100
102
102
99
102
102
100
102
102
100
102
102
100
103
102
100
103
101
101
103
102
100
103
102
100
102
101
101
103
101
102
103
100
103
102
101
102
100
103
102
101
103
101
102
102
100
103
102
101
103
101
102
103
100
99
89
86
89
84
84
82
84
81
71
57
79
81
82
78
87
84
90
99
92
88
84
