1
1
1
1
1
1
1
1
1
1
1
1
1
1
1
1
1
65
53
30
16
5
4
34
80
78
79
79
82
82
81
79
79
79
79
81
82
82
82
87
92
98
99
98
99
99
101
102
100
102
101
101
102
100
102
101
101
94
92
92
92
92
92
92
96
100
102
98
99
99
99
99
98
99
97
92
92
92
92
91
82
90
94
87
82
82
82
92
92
95
97
97
91
90
91
91
91
91
92
92
90
91
91
90
91
91
90
91
96
100
102
101
100
102
100
101
100
97
91
91
90
92
91
90
91
91
94
97
98
98
97
98
94
91
91
91
91
91
91
90
92
98
101
102
101
101
101
100
102
101
101
102
100
101
102
101
102
102
101
100
102
101
100
102
102
100
102
103
101
97
96
96
91
77
71
72
56
31
29
29
29
29
19
15
15
15
15
15
15
15
12
1
1
1
1
1
1
1
1
1
1
1
1
1
1
1
1
21
6
92
99
99
100
102
93
91
92
91
91
91
91
90
91
91
96
102
102
101
102
101
97
91
91
90
91
91
90
91
92
92
91
99
102
102
101
102
102
101
102
100
102
102
101
102
101
102
101
100
102
101
101
102
102
102
98
97
91
97
101
98
97
97
97
97
96
85
85
85
76
68
68
102
102
101
103
101
102
102
