0
0
0
0
0
0
0
1
0
0
0
0
0
0
0
1
1
68
60
33
16
6
1
73
104
104
104
104
104
104
104
104
104
104
104
104
104
104
104
104
104
104
104
104
104
104
104
104
104
104
104
104
104
104
104
104
104
104
104
104
104
104
104
104
104
104
104
104
104
104
104
104
104
104
104
104
104
104
104
104
104
104
104
104
104
104
104
104
104
104
104
104
104
104
104
104
104
104
104
104
104
104
104
104
104
104
104
104
104
104
104
104
104
103
104
104
104
103
104
104
104
103
104
103
103
103
104
103
104
104
104
104
103
104
104
104
104
104
104
103
104
104
104
104
104
104
104
104
103
104
104
104
104
104
104
103
104
104
104
104
104
104
104
104
90
86
86
84
72
72
72
72
61
44
43
43
35
29
28
15
15
15
6
0
0
0
0
0
0
0
1
0
1
0
0
0
0
0
0
0
0
0
0
0
0
0
0
19
4
92
104
104
104
104
104
104
104
104
104
104
104
104
104
104
104
104
104
104
104
104
104
104
104
104
104
104
104
104
104
104
104
104
104
104
104
104
104
104
104
104
104
104
104
104
104
104
104
104
104
104
104
104
104
104
105
104
104
101
102
100
97
97
98
98
88
77
65
58
53
43
62
103
103
103
103
103
103
103
