4
8
6
4
4
4
8
6
6
4
5
6
4
4
12
6
5
8
4
5
4
4
6
4
4
5
6
4
4
5
4
6
4
4
6
9
4
4
4
5
5
4
7
4
4
4
6
4
11
4
5
6
6
4
4
4
4
4
4
6
8
4
4
4
5
6
4
5
4
5
7
4
4
4
4
4
6
4
4
4
5
5
4
5
4
4
4
6
10
5
4
4
5
4
4
4
5
4
6
5
6
5
4
4
4
6
7
4
5
7
5
6
4
4
6
4
4
4
4
7
4
6
5
4
4
8
8
4
7
7
4
4
4
4
4
7
9
8
7
11
8
10
6
4
4
4
4
5
11
9
4
4
5
5
4
5
5
5
7
7
4
8
6
4
4
5
5
5
8
9
5
4
6
9
5
4
7
6
5
4
4
7
5
4
4
4
4
4
4
4
4
6
4
9
8
5
4
5
8
6
4
4
6
7
4
5
4
4
5
4
4
7
8
4
4
4
4
4
4
4
4
4
6
4
6
8
4
4
4
9
10
5
4
4
6
4
4
5
6
6
4
5
7
7
5
9
6
5
4
4
4
6
5
6
5
5
5
4
4
5
4
6
5
7
4
4
4
7
9
5
4
4
5
8
4
5
5
5
4
5
8
9
5
5
4
5
5
5
