0
0
0
0
0
0
0
0
0
0
0
0
0
0
0
0
0
0
0
0
0
0
0
0
0
0
0
0
0
0
0
0
80
103
103
103
103
103
103
103
103
103
103
103
103
103
103
102
103
103
103
102
103
103
103
103
103
94
79
76
58
26
15
73
103
103
103
103
103
103
103
103
103
103
103
103
103
103
103
103
103
103
103
103
103
103
103
103
103
103
103
103
103
103
103
103
103
103
103
103
103
103
103
103
103
103
103
103
103
103
103
103
103
103
103
103
103
103
103
103
103
103
102
103
103
103
103
103
103
103
103
103
103
103
103
103
103
103
103
103
103
103
103
103
103
103
103
103
102
103
103
103
103
103
103
103
103
104
103
92
85
85
85
85
84
71
71
71
71
71
71
71
71
71
71
71
71
71
68
48
43
43
31
27
15
15
15
15
2
0
0
0
0
0
0
0
0
0
0
0
0
0
0
0
0
0
0
19
57
103
103
103
103
103
103
103
103
103
103
102
103
103
103
102
103
103
103
103
103
103
103
103
103
103
103
103
103
103
103
103
103
103
103
103
103
103
102
103
103
103
103
103
103
103
103
103
103
103
103
103
103
103
102
102
102
96
85
87
102
102
66
46
29
29
29
29
29
75
103
103
103
103
103
103
103
103
103
103
