0
0
0
0
0
0
0
0
0
0
0
0
0
0
0
0
0
0
0
0
0
0
0
0
0
0
0
0
0
0
0
0
56
76
82
85
86
86
89
90
89
89
89
89
89
93
93
93
92
92
92
92
92
91
96
96
96
96
94
86
77
65
55
70
97
100
100
100
100
99
99
100
99
99
100
100
99
100
100
98
100
100
99
100
100
99
99
99
100
100
100
100
100
100
100
99
100
100
100
100
100
100
100
100
100
100
100
100
100
100
100
100
100
100
100
100
100
100
100
100
100
100
99
100
100
100
99
100
100
100
99
100
100
99
98
99
100
99
100
100
100
100
100
100
100
100
100
100
100
100
100
95
95
96
96
94
86
86
86
86
78
72
62
58
51
43
42
29
29
29
29
29
29
29
29
29
29
15
15
15
15
15
15
6
0
0
0
0
0
0
0
0
0
0
0
0
0
0
0
0
0
0
0
0
0
0
0
22
3
88
96
96
96
96
96
96
96
96
96
96
96
96
96
96
96
96
96
96
96
96
96
96
96
96
96
96
96
96
96
96
96
96
96
96
96
96
96
96
96
96
96
96
96
96
96
96
96
96
96
96
93
96
96
96
96
96
95
63
72
64
55
52
40
28
25
13
13
51
72
72
72
72
72
72
72
74
80
86
