1
1
1
1
1
1
1
1
1
1
1
1
1
1
1
1
1
66
63
27
15
15
5
83
79
86
90
89
96
101
97
83
86
98
94
97
102
102
102
101
102
101
102
102
101
102
101
90
88
89
87
89
86
92
94
95
102
94
93
89
91
85
91
89
87
99
102
102
101
102
101
102
102
102
102
101
102
101
102
102
102
102
93
86
84
91
90
90
87
90
90
102
96
98
99
99
99
99
99
96
92
94
90
91
91
93
96
93
95
91
94
93
94
98
102
95
94
94
92
91
87
92
90
91
90
91
94
91
94
94
93
96
91
92
88
92
91
89
90
90
92
90
94
94
94
93
93
94
93
93
93
93
93
93
94
96
94
94
92
94
93
93
94
93
93
94
94
95
94
94
93
94
93
93
99
99
97
97
97
87
85
85
77
71
68
61
43
33
22
4
1
1
1
0
1
1
1
1
1
1
1
1
1
1
1
1
1
19
35
94
98
98
101
102
93
91
89
84
88
87
89
84
91
87
86
82
97
102
101
103
98
87
82
83
86
84
84
89
87
85
90
86
84
100
102
101
92
86
84
82
84
88
85
82
93
102
101
103
101
102
101
102
102
101
91
84
85
86
93
84
85
84
84
97
95
97
97
97
97
97
99
88
90
100
101
89
83
88
