1
1
1
1
1
1
1
1
1
1
1
1
1
1
1
1
1
62
53
34
20
11
1
62
101
100
101
101
101
100
101
100
101
100
101
100
101
100
101
101
100
101
101
101
101
100
101
100
101
101
101
102
100
101
101
101
101
100
101
100
101
101
100
101
100
101
100
101
100
101
101
101
101
100
101
100
101
101
101
101
101
101
100
101
100
101
101
101
101
100
101
100
101
100
101
100
100
101
100
101
100
100
101
100
101
100
101
101
100
101
100
101
100
101
101
100
101
100
102
100
101
101
101
101
101
101
100
101
101
101
101
100
101
100
102
100
101
101
100
101
101
101
101
101
101
101
102
100
100
101
101
101
98
96
96
96
96
96
89
84
84
84
84
84
84
84
84
84
75
70
70
68
50
43
33
24
15
15
15
15
15
15
15
15
15
15
15
15
12
1
1
1
1
1
1
1
1
1
1
1
1
1
1
1
1
1
1
16
43
100
101
100
101
100
101
100
100
101
100
101
100
101
100
101
100
100
101
100
101
101
101
101
100
101
101
101
101
100
101
100
101
100
101
100
101
100
101
101
100
101
100
101
99
101
100
100
101
100
101
101
100
101
100
101
100
101
100
101
100
101
100
101
100
101
97
90
84
82
56
43
60
101
100
101
100
101
101
102
