1
1
1
1
1
1
1
1
1
1
1
1
1
1
1
1
1
1
1
1
1
1
1
1
1
1
1
1
1
1
1
1
78
101
102
101
102
102
101
102
102
102
102
102
102
102
102
103
102
102
102
101
101
102
100
99
95
62
80
90
57
21
15
78
104
103
103
103
104
102
103
102
103
103
102
102
102
103
102
102
103
102
103
102
103
104
103
103
102
103
103
102
103
102
103
103
102
103
101
103
103
102
103
103
102
103
102
102
103
102
103
103
102
103
102
103
103
102
103
102
104
103
103
103
102
103
103
102
103
103
103
103
103
103
102
103
103
103
103
103
104
103
104
103
102
103
103
103
102
103
98
97
97
97
97
97
97
97
98
98
98
98
98
91
86
86
86
77
72
72
72
72
72
68
58
58
58
48
43
43
43
43
43
43
43
43
32
29
29
29
29
29
29
29
29
29
29
29
29
29
22
15
15
15
15
15
15
20
40
103
103
103
103
103
103
103
104
103
103
103
103
104
103
104
103
102
104
103
104
103
103
104
103
104
103
104
103
103
103
103
103
104
103
104
103
103
104
103
104
103
103
103
103
104
103
104
103
103
103
102
100
103
103
103
102
97
97
98
103
103
101
97
89
86
85
72
60
79
102
99
98
102
102
102
101
102
102
102
