0
0
0
0
0
0
0
0
0
0
0
0
0
0
0
0
0
42
54
15
10
0
1
78
104
104
104
103
104
104
104
104
85
77
80
102
103
102
103
102
103
102
102
102
102
103
102
103
102
102
103
102
103
102
103
102
102
103
102
103
102
102
103
101
103
103
102
103
101
103
102
103
102
102
103
101
103
101
103
102
102
103
101
97
92
88
87
81
91
91
95
101
102
101
103
102
103
100
103
101
102
95
92
92
94
94
99
94
93
99
92
94
93
100
101
95
91
92
90
92
93
91
92
99
99
94
90
91
89
91
91
93
90
90
89
90
90
91
94
91
95
95
89
95
94
93
94
93
94
93
94
94
89
89
89
92
90
90
90
90
90
89
90
90
89
90
89
91
90
90
89
83
78
69
71
71
71
70
37
29
29
29
29
17
2
1
0
1
1
1
1
1
1
1
1
1
1
1
1
1
1
1
1
1
1
1
1
18
8
88
98
97
102
102
96
98
101
102
91
94
102
103
102
83
82
94
102
103
101
103
102
103
102
102
102
102
103
91
83
81
81
96
102
83
91
102
101
102
101
102
101
102
101
101
102
94
92
92
92
92
96
102
101
102
84
80
79
80
79
80
85
87
102
98
97
93
85
78
68
66
61
81
84
101
100
85
79
81
