0
0
0
0
0
0
0
0
0
0
0
0
0
0
0
0
0
41
50
15
9
0
1
79
103
103
103
103
103
103
103
103
103
103
103
103
103
103
103
103
103
103
103
103
103
103
103
103
103
103
103
103
103
103
103
103
103
103
103
103
103
103
103
103
103
103
103
103
103
103
103
103
103
103
103
103
103
103
103
103
103
103
103
103
103
103
103
103
103
103
103
103
103
103
103
103
103
103
103
103
103
103
103
103
103
103
102
102
102
103
103
103
103
103
103
103
103
103
103
103
103
103
103
103
103
103
103
102
102
103
103
103
102
103
103
103
102
103
103
103
103
103
103
103
103
103
103
103
103
103
101
97
91
86
86
86
86
86
86
86
86
86
86
86
86
86
86
67
52
44
35
27
15
15
15
15
15
1
0
1
10
102
102
102
102
98
67
23
14
1
0
0
0
1
0
0
1
1
0
1
0
1
1
1
1
1
0
17
55
103
104
103
103
104
103
103
103
103
103
103
103
103
104
103
103
103
104
103
103
104
103
103
103
103
103
103
103
103
103
103
103
104
103
104
103
103
103
103
103
103
103
103
103
104
103
103
103
103
103
103
103
103
103
103
103
98
98
98
102
100
98
94
86
74
58
51
43
27
11
1
37
102
102
102
102
102
102
102
