1
1
1
1
1
1
1
1
1
1
1
1
1
1
1
1
41
51
15
8
1
4
58
103
103
104
102
103
103
102
104
102
103
103
103
103
102
103
102
103
103
103
103
102
103
102
103
103
103
103
103
103
102
103
103
102
103
102
104
102
103
102
103
103
102
103
102
103
103
103
103
101
103
102
103
103
103
103
102
103
103
103
103
101
103
103
101
103
103
102
103
102
103
102
104
103
103
103
102
102
103
101
103
103
103
103
102
103
102
102
103
102
103
102
103
103
102
103
101
103
102
103
102
102
103
101
103
102
103
102
102
103
102
103
102
103
103
101
103
103
102
103
102
103
102
102
103
102
103
102
95
72
70
70
71
75
74
74
74
74
80
81
81
81
81
81
81
81
74
69
69
69
70
70
70
70
70
60
33
29
29
29
23
15
14
1
1
1
1
1
1
1
0
0
0
1
0
0
0
0
0
0
0
0
0
0
15
45
74
72
72
72
72
72
72
72
72
72
72
72
72
72
72
72
72
72
72
72
72
72
72
72
72
72
72
72
72
72
72
72
72
72
72
72
72
72
72
72
72
72
72
72
72
72
72
72
72
72
72
72
72
72
72
72
72
72
74
70
73
75
76
84
92
94
100
99
80
71
71
71
71
71
71
71
71
71
71
71
