0
0
0
0
0
0
0
0
0
0
0
0
0
0
0
0
0
37
57
18
15
15
3
57
102
100
102
100
102
101
101
102
78
71
71
71
71
71
71
71
71
71
71
71
71
71
71
71
71
71
71
71
71
71
71
71
73
78
77
71
73
81
92
79
72
72
72
72
72
72
72
72
72
72
72
72
72
72
72
72
72
72
72
72
72
72
72
72
72
72
72
72
72
72
72
72
72
72
72
72
72
72
72
72
72
72
72
72
72
72
72
72
72
72
72
72
72
72
72
72
72
72
71
72
72
71
71
72
72
71
71
71
72
71
71
71
71
71
71
71
71
72
72
72
72
72
71
71
71
71
70
68
65
64
64
64
64
64
70
65
66
67
68
67
67
68
67
67
67
67
67
68
68
67
67
67
67
67
67
64
62
69
70
70
71
72
70
57
57
57
57
57
58
49
43
43
37
29
15
15
10
0
0
1
1
0
0
12
48
72
72
72
72
72
72
72
72
72
72
72
72
72
72
72
72
72
72
74
75
75
75
75
77
79
79
79
79
79
79
79
79
79
79
79
79
79
79
79
79
79
81
82
82
82
82
82
82
82
82
82
83
86
86
86
86
86
86
86
86
86
86
86
93
100
100
100
100
100
100
100
100
100
100
100
100
100
100
100
