1
1
1
1
1
1
1
0
1
0
0
1
1
0
1
0
42
55
17
15
12
4
36
102
104
103
101
102
102
101
102
78
70
71
70
70
70
70
71
71
70
71
70
70
70
70
71
71
72
71
71
71
71
71
71
71
71
71
73
73
74
74
75
72
71
71
71
71
71
71
71
72
75
74
75
74
74
74
74
75
74
75
74
74
75
75
74
75
75
75
75
75
75
75
75
75
75
75
75
75
75
76
78
78
78
78
78
78
78
78
78
79
82
81
81
81
80
82
84
85
83
85
84
87
87
86
88
86
87
86
87
90
90
91
90
91
92
89
92
91
91
91
90
92
90
94
95
95
96
98
89
80
59
57
53
51
53
52
53
53
42
40
40
40
40
40
40
40
41
42
42
42
42
42
42
42
42
43
43
43
43
43
37
29
29
29
29
29
29
29
29
29
18
15
15
15
13
1
1
1
1
1
1
1
1
1
18
6
80
86
88
88
88
88
88
88
88
89
90
91
92
92
92
94
95
96
99
98
98
98
98
99
98
99
98
99
98
99
98
98
99
98
99
98
99
98
97
99
98
99
98
99
98
98
99
98
99
98
99
98
98
99
98
99
97
99
96
96
96
96
96
96
96
96
96
96
96
96
96
96
96
96
96
96
96
96
96
96
