0
0
0
0
0
0
0
0
0
0
0
0
0
0
0
0
0
38
53
16
12
13
4
24
93
95
96
97
97
99
97
98
99
98
99
98
99
99
98
99
98
99
99
100
100
99
100
99
101
99
100
99
100
99
100
100
101
100
100
101
100
100
100
100
100
100
99
100
100
100
100
100
100
100
100
99
100
99
99
100
100
99
100
100
100
100
100
100
100
100
101
100
95
70
72
72
72
72
72
72
73
75
75
74
75
86
97
96
91
93
90
94
93
94
91
93
91
90
94
96
93
93
94
96
89
96
92
98
92
93
93
92
97
98
97
97
99
100
100
100
99
97
94
94
94
98
98
95
96
95
97
90
98
94
93
94
94
94
94
95
95
94
94
95
95
94
94
95
94
95
94
94
94
95
95
95
94
95
95
93
86
84
85
85
79
71
58
36
28
29
18
12
12
12
13
12
13
13
7
0
0
0
0
0
0
0
0
16
47
83
70
70
73
74
74
86
87
95
94
90
95
92
97
96
93
98
94
96
96
94
98
93
94
99
93
97
95
95
96
94
97
92
97
94
96
95
95
97
94
96
93
98
95
92
96
93
97
92
98
91
97
94
91
97
105
104
83
91
104
105
105
105
105
105
105
105
105
104
104
105
104
104
105
104
104
104
104
104
