0
0
0
0
0
0
0
0
0
0
0
0
0
0
0
0
41
51
15
1
0
1
29
99
100
101
100
101
101
101
101
101
100
101
101
101
102
102
102
102
102
102
102
75
73
73
73
73
73
73
73
73
73
73
73
74
74
75
76
90
99
101
81
73
73
73
73
73
73
73
72
72
73
73
72
72
72
72
72
72
72
72
72
72
72
72
72
72
72
74
72
74
73
73
73
73
74
74
74
74
74
74
74
74
74
74
74
74
74
74
74
74
74
73
74
74
74
74
74
74
75
74
74
74
74
74
71
71
72
71
70
71
70
71
71
71
71
70
70
71
73
73
72
73
73
73
73
73
73
74
73
74
66
64
58
56
51
48
48
48
48
48
45
37
38
40
39
38
38
38
38
38
38
39
40
40
40
39
39
39
39
40
38
38
38
39
39
38
39
39
40
40
41
42
31
29
29
29
29
26
15
15
15
15
6
1
17
67
95
94
94
93
94
94
94
93
94
94
94
94
94
93
94
94
94
94
93
94
86
85
93
94
94
94
94
94
94
94
94
93
93
93
93
92
97
98
97
98
98
98
87
96
86
99
99
99
99
100
101
95
70
76
71
73
75
91
96
71
83
96
77
85
96
96
96
93
66
61
61
63
72
72
72
72
72
72
72
72
