0
0
0
0
0
0
0
0
0
0
0
0
0
0
1
0
0
42
45
14
1
0
1
87
104
103
103
103
103
103
103
103
103
103
103
103
103
103
103
103
103
103
103
103
103
103
103
103
103
103
103
103
103
103
103
103
103
103
103
103
104
103
103
103
103
103
103
103
103
103
103
103
103
103
103
103
103
103
103
103
103
103
103
103
103
103
103
103
103
103
103
103
103
103
103
103
103
103
103
103
103
103
103
103
103
103
103
103
103
103
103
103
103
103
103
104
103
103
103
103
103
103
103
103
103
103
103
103
103
103
103
103
103
103
104
103
103
104
104
103
103
104
103
104
103
104
104
103
102
103
103
104
104
104
104
104
104
103
103
100
97
98
97
97
86
74
71
69
57
57
57
56
43
43
43
43
43
34
25
8
10
104
99
63
51
32
15
15
8
0
0
0
0
0
0
0
0
0
0
0
0
0
0
0
0
0
0
13
55
104
104
103
103
103
103
104
104
104
103
103
103
103
103
103
103
103
103
104
103
103
103
103
103
103
103
103
103
103
103
103
103
103
103
103
104
103
103
103
103
103
103
103
103
104
103
103
103
103
103
103
103
103
103
103
103
103
103
98
102
92
85
83
66
58
58
58
45
43
37
39
48
94
89
76
84
73
72
73
