1
1
1
1
1
1
1
1
1
1
1
1
1
1
1
1
1
0
0
1
1
0
1
1
1
0
0
0
0
1
0
0
79
98
98
97
98
97
98
98
98
98
97
98
97
98
98
98
97
97
99
98
99
98
99
98
87
73
71
58
37
29
29
67
99
99
99
99
99
99
100
99
100
100
100
100
100
100
99
100
99
100
99
100
100
100
100
100
100
100
101
100
101
100
100
100
100
101
100
100
100
100
100
100
100
100
100
100
101
100
101
100
100
100
100
100
100
101
101
101
101
100
100
100
100
100
101
101
101
101
100
100
100
101
101
100
101
99
100
100
101
100
101
100
101
100
100
101
99
100
100
101
100
100
100
100
100
100
100
100
101
100
100
100
100
100
100
100
100
100
100
100
100
100
100
100
100
100
101
100
100
100
100
96
95
96
95
95
93
74
45
32
29
29
20
15
15
15
11
1
1
1
1
1
1
1
1
3
1
12
15
15
15
15
15
15
15
15
15
15
15
15
15
15
15
15
15
15
15
15
15
15
15
15
15
15
15
15
15
15
15
15
15
15
15
15
15
15
15
15
15
15
15
15
15
15
15
15
15
15
33
99
97
100
97
84
75
54
99
96
36
54
15
15
13
11
15
63
100
100
101
101
101
101
101
101
101
101
