0
0
0
0
0
0
0
0
0
0
0
0
0
0
0
0
0
0
0
0
0
0
0
0
0
0
0
0
0
0
0
0
77
99
104
104
103
104
104
104
104
104
104
104
104
104
103
103
104
103
104
103
104
104
104
104
104
104
102
86
65
33
3
82
104
103
103
104
103
104
103
104
104
104
104
104
104
104
104
103
103
103
104
103
104
103
103
103
103
103
103
103
104
104
103
103
103
103
104
103
103
104
103
103
103
103
104
103
104
103
103
103
103
103
103
103
104
104
104
104
103
103
104
103
104
104
103
103
104
103
104
103
103
104
103
104
104
104
104
103
104
104
104
104
103
104
104
104
103
104
104
102
91
86
86
86
86
86
86
86
86
86
86
86
86
86
86
86
86
86
79
58
58
58
47
29
29
29
29
29
29
29
29
29
29
26
15
15
15
15
15
15
15
15
15
15
15
15
15
15
15
15
6
0
0
0
0
0
0
0
0
0
0
0
0
0
0
0
0
0
0
0
0
0
0
0
0
0
0
1
0
0
0
0
0
0
0
0
0
0
0
0
0
0
0
0
0
0
0
0
0
0
0
0
0
0
1
0
0
0
40
103
102
102
95
78
33
8
102
89
32
0
0
0
0
0
0
62
99
92
83
74
72
87
88
72
72
72
