0
0
0
0
0
0
0
0
0
0
0
0
0
0
0
0
0
0
0
0
0
0
0
0
0
0
0
0
0
0
0
0
32
104
104
104
104
104
104
104
104
104
104
104
104
104
104
104
104
104
104
104
104
104
104
99
98
98
95
86
57
29
70
104
104
104
104
104
104
104
104
104
104
104
104
104
104
104
104
104
104
103
104
104
104
104
104
104
104
104
104
104
104
104
104
104
104
104
104
104
104
105
105
104
104
104
104
104
104
104
104
104
104
104
104
104
104
104
104
105
105
104
104
104
104
104
104
104
105
103
104
104
104
104
104
104
104
104
104
104
104
104
104
104
104
104
104
104
105
105
104
104
104
104
105
104
105
104
98
98
98
98
98
98
98
86
86
83
60
58
58
58
58
58
51
43
43
43
42
21
15
12
0
0
0
0
0
0
0
0
0
0
0
0
0
0
0
1
0
0
0
0
0
0
0
0
0
0
0
0
0
0
0
0
0
0
0
0
0
0
0
0
0
0
0
0
0
0
0
0
0
0
0
0
0
0
0
0
0
0
0
1
0
0
0
0
0
0
0
0
0
0
0
0
0
0
0
0
0
38
103
102
100
95
71
33
28
102
77
35
3
0
0
0
0
0
66
104
104
104
103
103
103
103
103
104
103
103
