0
0
0
0
0
0
0
0
0
0
0
0
0
0
0
0
0
0
0
0
0
0
0
1
0
0
0
0
0
1
1
0
1
30
103
103
103
103
103
103
103
103
103
103
103
103
103
103
103
103
103
101
103
102
101
100
97
85
73
8
1
1
1
53
103
101
102
102
102
102
103
102
103
102
102
103
102
102
103
102
103
103
101
103
102
102
103
102
102
103
102
102
103
102
103
102
101
103
102
102
103
102
102
103
102
103
103
102
102
102
100
103
102
101
103
101
102
103
101
103
102
101
103
102
102
103
101
102
102
101
103
102
101
103
102
102
103
101
102
103
101
103
102
101
103
101
101
103
102
103
103
100
97
97
97
97
78
57
57
51
43
32
26
15
15
15
15
15
15
15
15
15
15
15
15
15
15
15
15
15
15
15
15
15
15
15
1
0
0
0
0
0
0
0
0
0
0
0
1
0
0
0
0
0
0
0
0
0
0
0
0
1
1
0
0
0
0
0
0
0
0
0
0
0
0
0
0
0
0
0
0
0
0
0
0
0
0
0
0
0
0
0
0
0
0
0
0
1
0
0
0
0
0
11
28
31
4
0
0
0
40
102
101
98
89
59
62
51
96
84
39
19
15
15
15
15
15
62
95
95
89
97
93
98
95
99
98
100
