0
0
0
0
0
0
0
0
0
0
0
1
0
0
0
0
0
0
0
0
0
0
0
0
0
0
0
0
0
0
0
0
0
31
103
103
103
103
103
103
103
103
103
103
103
103
103
103
103
103
103
103
103
103
103
103
97
87
86
62
48
19
2
90
104
103
103
103
103
104
104
104
104
104
104
104
104
104
104
104
104
104
104
104
104
104
104
104
104
104
104
104
104
104
103
104
104
104
104
104
104
104
104
104
104
104
103
104
104
104
104
104
104
104
104
104
104
104
104
104
103
104
104
104
104
104
104
104
104
104
104
104
104
104
104
104
104
104
104
104
104
104
104
104
104
104
104
104
104
104
101
98
98
98
94
77
72
72
72
72
72
72
72
72
72
72
72
58
58
58
58
58
54
39
29
29
19
15
15
15
15
15
15
15
15
15
15
15
15
15
13
1
0
0
0
0
0
0
0
0
0
0
0
0
0
0
0
0
0
0
0
0
0
0
0
0
0
0
0
0
0
0
0
0
0
0
0
0
0
0
0
0
0
0
0
0
0
0
0
0
0
0
0
0
0
0
0
0
0
0
0
0
0
10
28
33
4
0
0
0
23
102
101
101
97
80
43
12
101
74
11
0
0
0
0
0
0
62
103
102
103
103
103
103
103
103
103
103
