5
4
5
4
5
3
4
4
4
3
12
5
3
3
4
10
5
6
11
4
7
11
4
2
3
3
5
3
5
3
4
5
4
6
5
4
4
4
4
3
4
3
4
3
4
4
4
4
4
4
4
3
4
3
3
3
3
4
3
2
3
3
3
3
3
5
5
12
4
3
4
4
4
4
6
4
6
5
4
4
4
4
6
4
4
4
5
4
4
4
4
4
5
4
4
4
5
5
5
3
5
4
5
4
4
4
5
4
4
4
5
4
4
3
7
5
9
10
6
6
5
5
6
4
4
6
6
5
5
5
7
6
5
5
4
5
5
5
5
4
4
5
5
4
4
5
6
4
4
4
4
4
3
4
3
4
4
4
4
4
3
4
6
4
4
10
4
4
3
3
4
4
4
4
4
3
3
4
4
4
2
4
6
3
3
3
2
3
3
3
2
3
2
3
2
3
3
3
3
2
3
2
5
4
4
4
3
4
5
7
6
7
3
5
9
5
4
4
5
6
5
5
16
5
4
4
3
6
7
4
3
3
14
35
9
31
4
3
5
3
3
3
2
4
3
2
3
2
2
2
2
2
2
3
3
3
1
5
3
4
4
3
3
4
3
4
5
3
2
4
3
3
2
3
3
5
3
3
3
4
3
2
2
5
3
4
3
3
