8
9
8
8
8
8
9
11
10
8
8
8
8
8
8
8
7
8
7
7
8
8
5
5
5
6
5
8
13
5
6
5
5
5
5
5
5
5
5
5
5
5
5
5
5
5
5
5
5
5
10
11
10
12
9
5
5
5
5
5
5
5
5
5
5
5
6
5
5
5
5
5
5
4
3
3
3
3
3
3
3
5
3
3
3
3
3
8
60
88
90
88
88
88
79
48
60
86
88
58
19
4
4
4
4
5
5
4
4
4
4
4
4
4
4
3
3
4
4
4
4
4
4
4
3
3
3
3
3
3
3
3
3
4
4
3
3
3
3
3
3
3
3
3
3
3
3
3
3
3
3
3
3
3
3
3
3
3
3
3
3
5
4
3
3
3
3
3
3
3
3
3
3
3
3
3
3
3
3
3
3
3
3
3
3
3
3
3
3
5
4
3
3
3
3
3
3
4
3
3
4
4
5
5
3
3
3
4
3
3
4
4
3
4
4
3
4
5
4
4
4
4
3
4
5
3
4
4
7
5
3
3
4
4
4
4
3
3
4
5
5
6
4
3
3
6
4
3
4
4
4
4
3
3
3
4
3
3
3
3
3
3
3
3
3
3
3
4
3
4
4
3
4
5
3
3
3
4
4
4
4
4
4
3
3
4
3
4
