15
15
15
15
15
15
15
16
19
16
15
15
17
17
16
15
15
15
16
15
15
15
15
15
15
15
15
33
15
16
22
16
15
15
15
15
15
15
15
15
15
15
15
15
15
15
15
15
15
15
15
15
15
15
15
15
15
15
15
15
15
15
15
15
16
14
15
15
15
17
14
14
14
14
14
26
19
14
14
15
14
14
14
14
14
14
14
15
15
14
14
16
15
15
15
15
14
14
14
15
16
15
15
15
15
15
15
15
15
15
15
15
15
15
15
15
15
15
15
15
15
14
14
14
13
13
13
13
13
14
13
13
13
13
13
16
21
18
18
18
18
18
18
18
18
18
18
18
19
18
19
20
20
19
20
19
19
20
20
21
15
15
15
15
15
15
15
15
15
15
15
15
15
15
15
15
15
15
15
15
15
15
15
15
15
15
15
15
15
15
15
15
15
15
15
15
15
15
15
15
15
15
15
15
15
15
15
15
15
15
15
15
15
15
15
15
15
15
15
15
15
16
18
15
15
16
15
15
15
15
15
15
15
15
15
15
15
15
15
15
15
15
15
15
15
15
15
15
15
15
15
15
15
16
19
15
15
15
17
17
15
15
15
15
15
15
15
15
15
15
15
15
15
15
15
15
15
15
15
15
15
14
15
15
15
14
14
14
