6
6
1
1
1
1
1
4
1
3
1
1
1
2
3
4
2
43
5
2
1
1
21
2
2
1
2
20
17
12
7
5
31
17
16
15
17
17
16
20
24
24
28
28
32
36
35
37
42
40
44
66
49
51
47
47
47
51
53
43
39
29
18
33
11
8
7
8
6
6
6
5
5
6
6
5
5
6
7
6
5
6
5
4
5
4
5
5
6
5
5
5
5
4
4
4
5
5
5
6
10
34
29
7
7
7
6
6
6
6
6
6
6
8
7
5
7
7
6
5
6
6
7
8
12
14
6
7
8
8
10
9
10
8
12
10
11
11
13
13
10
12
14
17
18
17
19
20
22
23
23
25
25
25
28
29
33
28
26
28
30
31
31
29
31
32
31
32
33
31
33
33
32
29
27
28
26
27
22
19
20
20
16
13
12
11
9
8
6
4
3
2
1
1
2
2
2
2
2
1
5
12
2
2
2
2
3
3
3
2
1
1
1
1
4
1
1
3
1
1
1
1
1
1
2
2
1
1
1
1
2
1
1
1
1
1
5
7
2
1
1
1
1
1
1
1
1
1
1
1
1
1
1
1
1
1
1
4
10
4
18
8
22
21
8
4
7
14
38
9
6
2
3
15
8
6
7
27
8
8
39
38
50
39
40
33
37
37
