3
5
5
3
3
2
3
4
6
5
4
4
4
4
4
5
40
67
69
70
69
60
10
4
3
3
3
5
3
5
6
5
5
6
6
6
5
5
5
29
5
4
4
4
4
5
4
4
4
4
4
5
4
4
4
4
5
6
5
5
5
4
5
5
36
48
4
5
5
5
5
4
4
4
5
6
5
5
6
12
10
11
11
12
7
9
9
29
26
14
11
10
8
17
8
6
10
9
7
8
10
7
8
7
7
9
12
12
8
7
8
31
22
7
7
8
6
8
7
6
6
7
7
10
52
45
13
1
0
2
1
0
1
1
0
1
8
0
0
1
0
1
1
0
1
0
0
1
0
0
0
1
0
1
1
0
1
0
0
1
0
0
0
1
0
1
0
0
1
0
0
1
0
0
0
1
0
1
0
0
1
2
2
4
30
0
0
1
1
1
1
0
0
1
5
2
1
1
1
1
1
5
7
4
3
3
3
4
4
4
4
4
4
5
4
4
4
4
4
5
4
4
4
3
1
2
1
1
1
1
1
22
15
1
1
1
1
2
1
1
1
1
1
2
1
8
47
1
2
2
1
9
2
1
2
2
1
2
2
1
1
2
1
1
2
2
2
2
6
1
2
2
2
3
2
4
3
4
4
29
15
4
6
3
6
4
4
4
