7
7
7
7
7
6
6
6
6
7
6
6
7
7
6
6
7
7
6
6
6
7
7
7
6
7
6
6
6
6
7
7
7
6
6
6
6
6
6
6
6
6
6
6
6
6
6
6
6
6
6
6
6
7
6
6
6
6
6
6
6
6
6
6
6
7
6
6
6
6
6
7
6
6
7
7
6
6
6
7
6
6
7
6
6
7
6
6
6
6
6
7
6
7
6
6
6
6
7
6
6
6
6
6
7
7
7
6
7
6
6
6
7
7
6
6
6
6
6
6
7
6
6
6
6
6
7
7
6
6
6
6
6
6
6
7
6
6
6
6
6
6
6
7
6
6
6
6
6
7
6
6
6
6
6
6
7
6
6
6
6
7
6
6
6
7
6
7
7
6
6
7
7
6
6
7
7
6
6
6
6
7
6
6
6
6
6
6
6
6
13
7
6
6
7
6
6
6
6
6
7
6
6
6
7
7
6
6
7
7
6
6
6
6
12
7
7
7
7
6
6
6
7
6
6
6
6
6
7
6
7
6
6
7
7
6
6
6
6
6
6
7
6
6
6
6
6
6
6
7
7
6
7
7
6
6
6
6
11
6
7
6
6
6
6
7
6
7
7
7
6
6
6
6
6
6
6
6
6
7
6
6
7
6
7
6
7
6
