4
4
4
4
4
4
4
4
4
5
4
4
5
4
4
6
5
6
5
5
5
6
7
11
9
10
9
9
9
9
9
9
10
10
14
14
14
14
14
16
15
16
18
18
16
17
16
16
16
15
14
11
11
10
11
10
9
9
9
10
9
9
9
11
9
12
12
9
8
10
10
10
10
10
12
15
15
14
13
13
13
14
15
15
16
16
16
17
13
13
13
13
13
13
13
13
13
13
12
12
12
12
12
12
12
12
11
12
11
11
11
10
11
10
10
10
10
10
10
10
10
10
9
10
10
9
10
9
9
10
9
10
9
9
9
9
9
9
9
9
9
9
9
8
8
8
8
8
8
6
5
5
5
5
5
5
5
5
5
5
5
5
5
5
5
5
5
5
5
5
5
5
5
5
5
5
5
5
5
5
5
5
5
5
5
5
5
5
4
4
4
5
4
5
4
4
4
4
4
4
4
4
6
4
4
5
4
7
5
8
5
4
4
5
4
5
5
5
4
4
6
5
5
5
5
5
6
5
5
5
5
5
4
7
5
4
4
4
4
4
5
5
5
5
5
5
5
5
5
5
5
5
5
6
5
5
4
4
4
4
7
12
12
10
8
6
6
7
7
10
5
5
6
6
5
5
6
6
6
6
7
6
6
8
8
8
7
5
