2
2
2
2
2
5
2
4
2
2
2
2
3
1
1
1
1
3
1
1
1
1
3
1
1
1
1
1
2
5
1
1
1
1
1
2
1
1
1
1
1
2
1
1
1
1
1
2
1
1
1
1
1
2
1
1
1
1
1
2
1
1
1
2
1
2
1
1
1
1
1
2
1
1
1
1
1
2
1
1
1
1
1
2
1
1
1
2
1
2
1
1
1
1
1
2
1
1
1
1
1
1
1
2
1
1
1
2
1
1
1
1
1
2
1
1
1
1
1
2
1
1
1
1
1
2
1
2
1
1
1
1
1
1
1
1
1
1
1
1
1
1
3
2
1
1
1
1
1
2
1
2
1
1
1
2
1
1
1
1
1
2
1
1
1
1
1
2
1
1
1
1
1
2
1
2
1
1
1
2
1
1
1
1
1
2
1
1
1
1
1
2
1
1
1
1
1
5
1
2
1
2
1
2
1
1
1
1
1
1
1
2
1
1
8
4
11
3
2
6
5
5
2
7
7
12
3
4
5
2
2
2
9
3
7
5
2
2
2
2
2
2
2
2
3
5
7
3
2
9
2
2
2
2
2
2
2
2
2
6
5
2
2
2
2
2
3
8
3
5
2
2
2
2
2
2
2
2
2
2
2
7
3
2
2
2
2
2
