2
2
2
2
2
2
2
2
2
1
2
2
2
1
2
2
2
2
2
2
2
2
2
1
1
2
2
2
2
2
2
2
2
2
2
2
2
2
1
1
1
2
1
1
1
1
1
1
1
1
1
1
1
2
1
1
1
1
1
1
1
1
1
1
1
1
1
1
1
1
1
1
1
1
1
1
1
2
1
1
1
2
1
1
1
1
1
1
1
2
1
1
1
1
1
1
1
1
3
1
1
2
2
2
2
1
13
33
72
24
3
23
2
2
2
2
2
2
2
2
2
2
2
2
17
95
75
93
52
7
9
85
72
7
7
7
64
95
84
91
89
61
64
72
89
37
6
4
4
5
5
4
4
4
4
3
4
4
4
4
4
4
4
4
4
4
4
4
4
4
4
2
2
3
2
2
2
2
2
2
2
2
2
2
2
2
2
2
2
2
2
2
2
2
2
2
2
2
2
2
2
2
2
2
2
2
2
2
2
2
2
2
2
2
2
2
2
2
2
2
2
2
2
2
2
2
2
2
2
2
2
2
2
3
2
2
2
2
2
2
2
2
2
3
2
3
3
2
3
2
2
2
2
3
2
3
2
3
2
2
3
2
3
3
3
2
3
2
3
3
2
2
2
2
2
2
2
2
2
2
3
3
3
3
3
3
3
3
