62
32
89
58
58
58
37
30
30
30
29
30
93
101
102
87
85
85
86
78
57
67
81
80
82
81
81
81
86
96
97
96
87
78
80
80
80
79
58
37
27
27
26
27
2
1
1
1
1
1
1
1
1
1
1
41
55
55
55
55
55
55
47
1
5
27
27
27
27
27
27
27
20
27
27
27
27
30
55
55
58
65
80
80
81
62
55
61
36
32
38
34
32
32
27
34
32
35
46
46
46
46
45
46
45
45
45
41
21
17
17
8
5
14
31
43
45
43
46
41
44
46
45
44
45
45
45
44
46
40
41
44
46
44
45
44
46
45
46
26
15
14
12
17
16
16
17
17
17
17
17
18
16
11
11
16
17
16
17
18
17
16
17
17
16
9
11
18
18
16
17
17
8
6
5
6
6
3
3
5
5
6
19
15
18
21
20
16
16
14
20
16
17
19
17
18
18
17
17
20
13
18
15
16
16
18
18
19
16
16
6
6
48
61
58
61
60
62
58
59
59
58
50
6
4
4
4
5
21
59
60
60
58
59
59
59
56
53
59
51
7
4
7
5
6
4
6
7
6
4
6
6
6
6
6
7
7
7
6
6
1
5
26
14
49
66
77
67
77
71
77
70
40
8
15
17
79
69
79
69
79
40
15
68
71
78
71
78
