32
36
49
29
50
37
56
34
54
36
51
46
41
49
38
53
34
54
32
54
39
48
45
42
41
40
42
40
42
39
40
42
42
40
45
34
47
38
35
48
37
47
44
42
49
36
52
34
51
34
52
33
54
32
51
35
46
39
46
39
46
37
46
38
44
39
38
45
37
49
36
47
38
47
39
44
34
52
31
53
32
51
29
55
98
99
99
100
101
99
99
100
98
101
99
98
96
101
100
99
98
102
102
102
102
102
101
102
102
102
103
102
41
1
1
1
56
101
101
101
102
104
104
104
104
104
104
104
104
103
103
103
104
103
103
103
104
104
103
103
103
104
103
103
104
63
8
0
0
0
0
0
0
0
0
0
85
103
103
103
104
102
102
102
103
97
12
1
91
103
102
103
104
103
103
103
103
93
8
0
0
0
0
11
22
22
22
22
22
21
22
21
22
22
22
22
22
22
21
22
21
21
21
22
23
23
21
22
29
98
99
99
101
101
88
35
1
43
93
93
93
96
96
32
10
99
98
97
97
96
88
6
75
98
99
97
95
96
16
1
83
97
96
97
97
96
12
14
99
99
98
98
97
64
1
0
51
97
97
98
97
97
97
97
40
0
1
1
1
1
37
99
98
98
93
103
72
3
85
87
86
86
72
7
0
46
91
104
