32
36
49
29
50
36
56
34
54
36
49
46
41
48
38
53
34
55
32
55
39
47
45
41
43
43
45
41
45
41
43
42
44
41
48
37
47
38
34
46
35
44
40
39
46
33
49
30
48
31
49
30
49
31
47
34
44
41
45
40
46
38
44
38
42
42
37
47
35
49
37
49
38
48
38
46
33
51
30
51
32
50
30
52
93
96
95
95
93
96
94
96
95
96
96
96
95
96
95
97
96
100
100
99
99
100
101
100
101
100
101
98
98
19
0
0
56
103
103
103
103
103
103
103
103
103
103
103
103
102
103
103
103
103
103
103
103
103
103
103
103
103
104
104
104
82
8
1
0
0
0
0
0
0
0
1
86
103
103
103
103
103
103
103
103
103
35
1
91
103
102
102
103
103
103
103
103
103
33
1
0
0
0
13
23
23
23
23
24
24
24
24
24
24
24
24
24
24
24
24
24
24
24
24
25
25
24
11
1
27
100
99
100
100
101
70
1
46
100
98
99
99
100
35
11
102
100
98
98
98
66
2
76
97
100
100
101
96
17
1
84
97
97
98
100
94
5
16
100
100
100
100
101
79
1
1
54
101
100
100
100
101
101
100
64
1
27
57
57
57
58
58
58
27
0
1
89
98
93
93
93
94
92
93
32
1
1
0
