31
37
49
29
48
35
55
34
52
35
48
44
39
48
37
50
34
52
32
54
39
46
45
40
41
42
44
41
44
39
43
41
43
40
46
36
46
38
35
48
36
48
44
42
46
33
49
31
48
31
49
32
49
31
47
33
43
37
43
38
42
37
42
36
43
39
37
45
34
47
35
45
36
44
37
43
32
51
29
51
30
50
29
52
95
95
93
94
95
94
97
98
95
94
94
96
98
97
97
98
95
97
98
99
98
99
98
100
101
99
101
97
63
17
1
1
56
103
102
102
103
102
103
103
103
103
102
103
102
103
103
102
103
102
103
102
101
103
102
103
103
102
103
99
104
89
43
0
0
0
0
0
0
0
0
1
92
104
104
104
104
104
104
104
104
101
42
1
98
104
104
104
104
104
104
104
104
100
36
1
1
1
1
13
23
23
23
23
23
23
23
23
23
23
23
23
23
23
23
23
23
23
23
23
24
24
22
33
57
63
98
99
100
100
96
53
1
68
93
92
93
91
92
76
61
56
62
96
96
96
80
54
84
93
93
61
79
87
53
55
85
92
95
94
64
51
1
14
96
95
96
96
97
62
1
0
51
97
98
96
97
96
97
97
59
0
13
27
27
27
27
27
27
27
5
2
86
97
98
99
98
98
98
103
67
1
62
86
