45
32
22
14
78
29
29
29
39
87
87
87
87
87
97
103
101
40
29
29
29
18
0
42
79
86
86
86
86
86
93
103
103
103
80
53
29
29
29
29
29
29
29
29
29
7
1
98
103
103
103
103
103
103
102
26
1
76
103
103
103
102
101
102
101
47
5
25
26
27
27
27
27
27
24
27
27
27
27
27
27
27
59
84
84
84
84
84
84
42
3
3
21
4
3
3
3
3
2
11
39
35
40
36
36
37
40
35
38
35
40
40
37
12
3
32
36
35
35
36
37
33
36
38
35
37
38
39
36
33
38
26
33
35
37
35
35
36
40
36
38
38
32
32
37
39
37
36
39
36
40
37
39
39
40
24
36
34
41
38
38
38
40
37
39
41
35
28
33
37
40
38
39
37
12
3
3
3
3
2
2
3
3
3
24
19
22
25
25
18
22
19
26
19
22
22
22
25
22
19
18
26
17
24
18
18
19
24
20
27
20
18
4
4
72
88
87
88
88
88
87
88
88
88
68
3
2
1
2
3
28
88
88
88
88
88
88
88
87
86
88
26
3
2
3
2
51
87
87
88
87
87
88
36
3
3
3
3
3
3
3
3
0
2
14
8
51
90
94
90
94
91
94
91
53
4
7
10
93
90
94
90
94
52
7
36
76
94
