33
22
29
98
87
86
86
57
58
58
51
29
30
101
104
102
86
87
87
87
86
86
96
104
104
104
104
104
104
104
104
104
104
104
104
91
86
86
87
59
0
0
0
0
0
0
0
0
0
0
0
0
0
0
0
0
22
29
29
29
29
29
29
3
0
5
29
29
29
29
29
29
29
29
29
29
29
29
39
90
87
87
94
104
104
95
29
29
85
102
100
91
87
87
87
87
86
86
89
95
94
95
95
94
95
94
94
87
68
69
69
69
58
34
12
56
94
94
95
95
94
95
95
95
94
95
95
95
94
95
92
95
94
95
95
95
94
95
94
95
95
74
14
12
12
11
11
12
12
12
11
12
12
11
8
11
11
12
12
12
12
12
11
12
12
11
9
10
12
12
11
12
12
4
0
0
31
87
87
86
86
86
78
0
0
44
104
104
104
104
104
33
0
0
0
0
24
104
104
104
104
104
104
104
73
3
95
104
104
104
104
104
104
101
19
2
99
104
104
104
104
104
104
104
10
19
104
104
104
104
104
104
104
80
1
58
87
87
87
103
104
104
80
29
7
0
16
104
104
104
104
104
71
0
0
55
104
104
104
104
104
104
104
67
0
14
29
29
30
29
29
29
21
0
0
93
104
104
104
104
104
104
104
71
1
0
0
0
