46
33
22
6
66
0
0
0
21
58
58
58
58
58
85
102
85
58
58
58
58
48
29
59
86
87
87
72
58
58
75
102
104
98
59
58
58
58
58
58
58
58
58
58
44
0
1
98
103
102
103
102
103
103
98
10
0
50
102
103
103
104
103
103
103
63
66
102
103
103
102
104
103
77
45
58
58
58
58
58
58
53
20
41
58
58
58
58
58
38
34
36
61
64
62
62
62
63
60
60
63
63
63
63
62
62
62
56
28
1
6
5
6
5
5
5
20
33
61
61
63
60
62
63
63
62
52
34
34
34
34
32
56
62
62
62
62
62
62
63
26
6
3
5
1
5
5
5
5
5
5
6
5
6
5
3
0
5
5
5
6
6
6
5
5
5
5
0
2
6
6
5
5
5
5
6
5
6
6
3
3
5
5
6
18
15
18
21
20
16
16
14
19
16
18
19
17
18
17
17
16
20
13
17
15
15
15
17
18
20
16
16
6
5
49
63
60
62
61
63
62
63
62
62
24
5
3
3
3
4
22
63
64
63
63
63
63
62
60
58
56
12
6
3
5
4
5
3
4
6
4
3
5
5
5
5
5
5
6
6
5
5
0
4
27
14
51
69
80
69
78
71
78
68
26
7
14
16
78
70
79
69
79
28
14
25
56
78
