0
23
62
39
86
58
58
58
74
102
103
102
85
58
85
103
102
94
58
58
58
48
29
63
86
86
86
78
58
58
75
102
103
103
60
58
58
58
58
58
58
58
58
58
41
0
1
97
103
103
103
104
103
103
103
38
0
33
103
103
102
103
104
102
103
95
64
86
86
86
86
84
47
29
29
29
29
29
29
29
29
5
68
103
101
103
103
104
102
104
37
0
28
0
0
0
0
1
0
14
47
45
49
49
45
51
47
48
46
48
51
50
50
14
0
41
47
45
45
46
50
44
50
48
48
45
50
46
47
43
51
31
48
46
51
45
47
45
51
45
50
50
49
41
49
51
50
49
50
50
53
49
51
51
48
34
47
46
52
48
51
50
50
49
52
49
47
40
44
50
52
50
51
52
15
0
0
0
0
0
0
0
0
11
22
22
22
22
22
22
22
22
23
22
22
22
22
22
22
22
22
22
22
22
23
23
21
10
0
26
104
104
104
104
104
74
0
48
104
104
103
104
103
41
9
87
88
91
89
79
12
29
86
104
103
103
104
104
48
29
94
103
92
86
85
16
0
12
102
103
104
103
104
77
0
0
55
103
102
104
105
105
105
105
65
0
0
0
0
0
40
103
103
103
104
104
47
3
84
87
86
86
78
1
0
46
91
103
