5
96
104
104
102
103
104
102
103
104
103
100
104
104
103
104
95
8
0
73
104
104
104
104
104
104
104
104
104
104
104
104
104
104
67
4
0
0
86
104
104
103
104
103
103
104
104
104
103
104
103
104
103
94
10
0
31
104
104
103
104
104
104
103
104
103
104
103
103
104
104
104
104
104
79
3
0
19
104
104
104
104
103
104
104
104
103
104
103
104
104
104
104
104
103
89
5
0
0
82
104
104
104
103
104
103
104
103
104
103
104
103
103
104
104
104
103
93
2
0
54
103
104
104
104
104
103
103
104
104
58
1
18
29
29
29
29
29
29
29
29
3
0
3
91
104
103
103
103
103
103
101
103
103
40
0
60
104
103
104
104
104
103
101
104
104
60
1
65
104
104
104
104
104
104
104
103
104
49
0
0
0
0
3
20
20
20
21
21
22
20
18
20
21
20
21
20
19
21
21
21
21
20
19
21
20
20
10
0
6
98
104
103
104
104
96
6
22
104
103
105
104
104
53
2
87
104
104
104
104
93
2
53
103
104
103
104
102
32
0
55
87
86
84
10
0
3
90
103
103
104
102
88
7
0
29
104
103
103
103
104
104
103
77
14
11
29
29
29
30
29
29
2
1
1
66
104
103
103
104
103
104
103
67
0
0
0
0
