103
102
103
103
103
104
103
103
104
104
103
103
103
98
47
1
0
93
104
103
104
102
103
103
104
104
103
103
103
103
103
103
65
0
0
4
102
104
104
103
102
104
104
103
104
103
103
104
103
104
104
90
17
0
51
103
104
104
103
104
103
102
103
102
103
103
102
103
102
104
103
103
86
7
0
39
104
103
104
102
104
103
103
104
104
104
103
103
104
104
104
104
98
48
0
0
2
100
104
102
103
103
103
103
103
103
103
104
102
104
104
103
103
103
104
92
44
1
80
103
103
103
103
103
102
102
103
104
34
0
59
87
87
86
86
86
86
86
72
2
0
17
103
104
102
103
103
104
102
104
103
98
6
0
86
103
103
102
104
103
104
102
104
103
58
0
90
104
103
104
102
103
103
103
103
103
41
0
0
0
0
11
21
22
22
22
22
22
22
21
22
22
22
22
21
22
22
21
22
21
22
21
23
23
21
34
58
70
103
102
103
103
104
40
0
72
103
102
103
103
103
77
44
29
36
91
89
86
70
87
99
104
62
58
75
73
58
58
82
61
57
29
29
0
0
16
103
104
103
104
103
83
0
0
0
0
0
0
0
0
22
103
104
103
104
104
79
0
40
104
103
95
104
104
88
1
28
29
29
29
29
4
0
69
99
104
104
104
