104
104
104
104
104
104
104
104
104
104
104
104
72
1
0
94
103
104
104
104
104
104
104
104
104
104
104
104
104
104
70
1
0
4
102
104
104
103
103
103
104
104
104
104
104
104
104
104
103
89
2
0
51
104
104
103
104
104
103
104
104
103
103
104
104
104
104
104
103
104
64
0
0
39
104
104
104
104
104
103
104
104
104
104
104
104
103
104
104
104
102
7
0
0
2
100
103
104
104
104
104
104
104
104
104
104
103
104
102
104
104
104
103
84
18
0
45
58
58
58
58
58
58
58
22
0
0
1
93
103
104
103
104
103
104
104
104
104
30
0
88
104
103
104
104
104
103
104
104
103
53
0
80
103
104
104
104
104
103
104
103
104
55
0
8
104
104
104
103
104
104
103
26
0
0
19
103
104
103
104
103
104
104
104
104
98
14
69
103
103
103
104
101
87
102
72
29
29
29
29
29
29
29
77
70
58
58
58
58
51
49
58
58
99
104
104
103
104
104
104
100
52
12
58
58
58
73
104
104
99
59
58
76
86
86
87
102
95
59
29
20
0
0
1
1
0
0
0
0
1
76
102
102
103
102
103
29
23
102
102
103
101
103
87
1
1
1
1
1
56
104
104
104
104
104
104
104
64
0
37
104
104
104
104
105
104
104
94
