5
96
104
105
104
105
104
104
105
105
104
104
104
105
105
104
98
10
0
73
104
104
104
104
104
104
104
104
105
104
104
104
105
104
102
14
0
0
85
104
104
104
104
104
104
104
104
104
104
104
105
104
104
85
0
0
31
104
104
103
104
104
104
104
103
105
104
104
104
104
104
104
103
102
58
27
0
19
103
104
104
104
103
103
103
104
104
103
103
104
104
104
104
104
104
76
3
0
0
83
104
104
104
104
104
104
104
104
104
104
104
104
104
104
104
104
104
84
40
1
20
29
29
29
29
29
29
29
20
0
0
0
67
104
103
104
104
104
103
104
103
103
60
1
61
103
102
103
102
103
102
103
103
103
77
2
1
1
1
2
1
1
0
0
0
0
0
0
0
0
0
0
0
0
0
0
0
14
102
104
103
104
102
103
102
37
18
102
102
102
102
102
85
2
1
1
1
6
83
103
102
103
102
103
37
20
0
22
29
29
29
29
29
24
69
87
87
94
104
104
104
104
104
93
87
28
2
6
4
0
2
12
10
13
8
0
36
103
103
102
103
102
102
103
88
9
0
0
0
2
1
0
0
0
1
50
104
104
104
104
103
46
4
56
58
58
72
101
74
58
58
58
57
58
11
1
66
104
104
105
104
104
105
105
64
1
43
87
