24
103
104
104
103
104
103
103
104
104
103
104
104
103
104
103
60
0
0
93
104
103
103
102
104
102
103
104
103
104
104
103
104
103
85
2
0
4
102
103
103
103
103
103
103
103
104
104
104
103
103
104
103
62
5
0
50
103
103
103
103
103
104
103
103
104
104
104
104
103
104
104
104
103
101
19
0
39
103
104
103
102
103
103
103
104
103
103
104
103
103
103
103
103
97
38
0
0
2
101
103
104
103
104
103
103
104
103
104
103
104
103
103
103
104
104
104
58
10
0
45
58
58
58
58
58
58
58
42
0
0
0
93
104
104
103
104
104
104
104
103
78
0
0
88
103
103
104
104
104
104
103
104
100
27
0
0
0
0
0
0
0
0
0
0
0
0
0
0
0
0
0
0
0
0
0
0
38
104
104
104
103
103
102
90
3
44
103
102
104
103
103
51
0
0
0
0
14
101
103
103
104
103
100
86
54
29
77
71
58
58
58
57
42
49
58
58
99
105
104
104
104
104
104
104
77
19
58
58
58
72
104
104
104
74
58
75
87
87
87
102
100
57
51
29
12
0
0
1
1
1
1
0
0
1
76
104
104
104
104
104
14
0
0
83
104
104
104
104
104
104
104
54
0
56
104
104
104
104
104
102
104
88
14
37
104
104
103
