102
102
103
103
103
103
103
103
104
103
102
103
103
103
103
41
0
0
93
102
103
103
103
103
103
102
103
103
103
102
103
103
103
94
17
0
4
100
102
103
102
103
103
102
103
103
102
103
103
103
102
103
80
0
0
50
102
102
103
102
102
103
103
103
103
102
103
103
104
103
103
103
103
98
7
0
38
103
103
103
102
103
102
102
102
103
103
103
103
102
103
103
103
103
52
0
0
2
100
101
102
103
103
103
103
102
103
102
103
102
103
102
103
102
102
103
60
0
0
22
29
29
29
29
29
29
29
17
0
0
0
91
103
102
102
102
102
104
103
103
102
29
0
86
103
103
104
103
103
104
103
102
103
58
0
0
0
0
0
0
0
0
0
0
0
0
0
0
0
0
0
0
0
0
1
0
38
103
102
102
102
102
103
87
3
43
104
103
103
104
104
53
0
0
0
0
1
97
103
103
102
103
102
6
0
0
0
0
22
87
87
86
84
42
0
0
40
89
92
87
90
37
0
11
104
104
104
104
104
63
0
80
104
104
104
104
104
29
0
90
104
104
104
104
86
0
0
0
0
1
0
0
1
1
77
104
104
104
105
101
15
0
0
83
104
104
103
104
103
104
103
55
0
54
104
103
104
103
104
103
104
73
2
37
104
103
104
104
