0
23
74
52
59
29
29
36
63
103
103
103
93
87
97
102
103
58
29
29
29
29
27
66
98
98
97
97
92
86
91
99
98
98
97
74
27
27
27
27
27
27
27
27
28
17
1
92
97
98
97
98
99
98
98
41
1
71
95
96
97
97
98
97
98
50
0
0
0
0
0
0
0
0
0
0
0
0
0
0
0
0
57
98
98
95
95
97
97
97
83
3
48
27
27
27
27
27
27
37
61
61
63
63
62
66
65
63
62
62
38
36
36
10
1
30
35
33
59
60
63
58
63
61
61
60
64
48
35
32
38
23
54
62
65
60
62
60
65
60
63
56
36
30
36
39
37
36
37
38
39
37
38
38
37
26
36
35
38
36
38
38
37
37
39
36
34
30
32
38
39
37
38
39
11
1
1
1
1
1
1
1
1
1
27
23
30
34
32
25
25
32
32
23
26
30
25
33
27
25
26
33
22
33
23
22
23
26
29
31
23
22
1
1
73
98
97
96
98
96
96
98
97
98
97
98
24
1
1
1
21
97
98
98
98
97
96
98
97
98
97
97
92
12
1
1
54
97
96
98
97
96
97
98
61
1
1
1
1
1
1
1
1
1
79
99
98
97
96
98
98
98
65
1
51
99
101
101
103
103
102
97
90
11
1
79
98
97
