9
7
4
4
4
4
4
4
4
4
7
4
4
7
4
4
5
6
6
6
6
6
8
6
6
8
6
7
6
6
8
7
6
8
8
7
6
8
6
6
6
6
6
6
6
6
10
6
6
8
6
6
7
9
6
6
7
6
7
6
6
8
6
6
6
6
6
6
6
6
6
7
6
8
6
7
6
7
12
10
6
6
6
6
6
8
7
6
6
6
6
10
10
9
7
16
40
43
43
42
44
44
46
47
50
52
49
20
9
12
6
10
8
11
11
7
6
6
6
6
7
8
6
6
6
6
6
6
6
6
7
6
6
8
6
6
8
6
6
6
6
6
9
9
7
8
6
6
7
6
6
6
8
11
10
6
6
8
6
6
6
8
6
6
8
6
6
6
6
9
6
6
6
6
6
6
6
6
6
10
7
10
6
6
9
7
6
6
8
6
6
6
6
8
6
6
6
6
6
6
6
6
6
6
9
8
6
6
6
6
6
6
7
6
6
6
6
9
10
10
9
6
6
6
6
7
10
9
8
10
7
7
7
6
8
10
10
16
30
6
6
8
6
6
6
6
6
6
7
6
6
6
7
8
6
6
6
6
6
6
6
6
6
7
6
9
7
6
8
6
6
6
6
6
5
6
6
8
6
6
6
6
6
6
6
6
6
6
