1
1
1
1
1
1
1
1
1
1
1
1
1
1
1
1
1
1
1
2
1
2
1
2
1
2
1
2
1
2
1
2
1
2
1
2
1
2
1
2
1
2
1
2
1
2
1
2
1
2
1
2
1
2
1
2
1
2
1
1
1
2
1
2
1
2
1
2
1
2
1
2
1
2
1
1
1
2
1
2
1
2
1
1
1
2
1
1
1
2
1
2
1
1
1
1
5
14
14
14
14
14
14
14
14
15
13
12
5
1
1
1
1
2
1
2
1
1
1
1
1
1
1
1
1
1
1
1
1
1
1
1
1
1
1
1
1
2
1
2
1
1
1
1
1
2
1
1
1
2
8
1
1
1
1
1
1
1
1
1
1
1
1
1
1
1
1
1
1
1
1
1
1
1
1
1
1
1
1
1
1
1
1
1
1
1
1
1
1
1
1
1
2
1
1
1
2
1
2
1
1
1
1
1
2
1
1
1
2
1
2
1
1
1
1
1
2
1
1
1
2
1
2
1
1
1
1
1
2
1
1
1
2
1
2
1
1
1
5
2
2
1
1
1
2
1
2
1
1
1
1
1
2
1
2
1
2
1
2
1
2
1
2
1
2
2
2
1
2
1
2
1
1
1
1
1
2
1
1
1
2
1
2
1
1
1
2
1
