0
11
40
32
93
82
82
82
88
98
98
98
60
28
89
98
98
89
82
82
82
74
76
86
91
92
93
93
85
81
83
87
89
92
93
83
81
81
81
45
28
27
28
28
6
0
0
0
0
0
0
0
0
0
0
0
0
41
55
55
55
55
55
45
7
0
10
55
55
55
55
55
55
55
55
55
55
55
55
47
28
28
43
68
88
88
87
81
81
80
78
74
83
81
81
81
81
81
81
82
85
85
85
85
85
85
85
68
31
10
11
11
11
3
0
9
40
64
84
85
85
85
85
85
85
85
85
69
64
63
65
61
78
85
85
85
85
85
85
85
75
28
10
9
11
11
11
11
11
11
11
11
11
11
10
7
10
10
11
11
11
11
11
11
11
11
10
9
10
11
11
11
11
11
3
0
0
29
81
81
81
81
81
33
0
0
37
90
92
92
91
90
39
0
0
0
0
1
84
90
90
90
90
82
28
28
28
28
8
0
0
0
0
1
69
90
90
90
90
90
90
90
90
90
90
90
54
0
0
0
20
95
95
95
92
90
90
90
90
90
90
90
64
1
0
0
50
90
75
90
90
90
90
90
85
13
0
0
0
0
0
0
0
0
72
90
91
91
91
91
91
91
54
0
48
91
91
91
91
91
91
91
81
0
0
75
92
91
