74
48
56
0
0
0
20
55
55
55
55
55
88
93
57
55
55
55
55
40
28
63
95
95
94
95
83
82
87
95
95
95
95
48
27
28
28
28
28
28
28
28
13
0
1
89
95
95
95
95
95
95
95
42
5
31
95
95
94
95
94
95
92
82
84
95
95
95
95
95
95
48
10
0
0
0
0
0
0
0
56
96
95
95
94
95
95
95
48
0
26
0
0
0
0
0
0
13
44
42
46
46
43
48
44
45
44
45
48
48
47
12
0
39
44
41
42
42
46
41
46
45
44
42
47
43
45
41
47
30
44
45
48
43
45
43
48
42
46
46
45
38
46
49
47
45
47
48
49
45
48
48
44
34
44
45
49
46
48
48
47
46
50
46
43
39
40
48
49
46
48
49
14
0
0
0
0
0
0
0
0
0
24
21
27
30
29
22
23
30
29
21
24
28
22
30
24
23
24
31
21
31
21
21
20
24
27
29
23
21
0
1
71
95
95
95
95
94
95
94
95
95
95
95
44
0
0
0
20
95
95
95
95
95
95
94
94
95
95
94
73
1
0
0
53
94
58
94
95
94
95
94
85
6
0
0
0
0
0
0
0
0
76
95
95
95
94
95
95
94
49
0
29
55
55
56
94
95
95
94
61
33
0
44
84
94
95
94
