0
11
40
38
92
82
82
82
87
98
98
98
43
28
79
98
98
98
89
82
82
80
86
91
92
93
93
74
55
67
89
90
92
89
81
81
81
81
64
55
55
54
55
12
0
1
77
81
81
81
81
81
26
0
0
0
12
81
82
81
81
81
81
81
81
82
81
81
81
62
9
1
0
7
55
55
55
55
55
55
17
16
39
55
55
55
55
52
32
32
34
57
59
58
58
58
58
57
57
59
59
59
59
58
54
32
32
32
28
33
33
33
32
32
31
19
31
58
57
59
56
58
59
59
58
39
32
32
32
32
31
47
58
58
58
58
58
58
59
23
5
3
5
1
5
5
5
5
5
5
5
5
5
5
3
0
5
5
5
5
6
6
5
5
5
5
0
1
6
5
5
5
5
5
5
5
5
5
3
2
5
5
6
17
14
17
19
19
15
15
14
18
14
17
17
16
17
16
16
16
19
12
17
14
15
14
16
17
18
15
15
6
5
47
59
57
59
58
59
59
59
59
45
5
5
2
2
3
4
20
59
59
59
59
59
59
59
57
55
29
6
6
3
6
3
5
3
4
5
4
3
5
5
5
5
5
5
6
6
5
5
0
4
25
13
47
64
73
64
71
66
71
53
20
6
13
16
72
65
72
65
68
15
13
24
51
71
66
