26
17
16
17
16
16
16
16
17
16
16
18
17
18
16
16
16
17
16
17
20
17
16
16
17
16
16
16
16
16
16
16
17
16
16
16
16
17
16
17
17
16
16
17
16
17
16
17
17
17
17
16
17
17
16
17
16
17
17
17
17
17
16
18
17
17
17
17
15
16
17
17
16
17
17
17
17
17
17
17
17
16
15
16
16
17
16
16
16
16
17
17
16
17
16
15
15
16
17
16
16
16
16
18
16
16
16
17
15
15
16
17
17
16
17
17
17
16
16
16
17
16
16
17
24
16
16
18
18
17
16
16
16
17
15
15
20
20
17
16
16
17
16
17
16
16
17
23
21
15
16
17
17
16
16
17
18
16
16
16
17
14
14
15
16
15
17
22
16
15
15
16
16
15
15
16
22
15
15
15
15
15
15
15
16
16
16
18
16
16
16
16
15
15
16
17
16
16
17
16
16
15
16
15
15
15
15
15
15
14
16
16
16
16
15
14
16
15
15
15
15
14
15
15
16
16
17
15
15
15
15
15
15
15
16
15
15
16
16
16
15
15
16
15
15
15
15
15
15
15
17
16
17
14
15
15
15
14
15
15
15
14
15
16
17
17
15
15
16
15
15
15
15
15
15
16
17
16
17
15
16
16
16
15
15
15
17
17
