3
3
3
3
4
3
3
3
3
3
3
3
3
3
3
3
3
3
3
3
4
4
3
3
3
3
3
3
3
3
3
3
3
3
4
4
3
3
3
4
3
3
3
3
3
3
3
3
3
4
3
4
3
3
3
3
4
4
4
4
3
3
3
13
62
77
61
53
57
62
57
61
61
62
62
61
62
62
62
63
63
63
63
63
64
64
64
63
62
63
64
64
64
64
64
65
67
57
38
25
4
4
4
4
4
4
4
4
4
4
4
4
4
4
4
4
4
4
4
4
4
4
4
4
4
4
4
4
4
4
4
4
4
4
4
4
3
3
4
4
4
4
3
3
3
3
3
3
3
3
7
4
4
4
4
4
4
3
4
4
4
4
4
4
4
3
4
4
3
4
4
3
3
4
4
4
4
3
3
3
3
4
4
3
4
4
4
4
4
4
4
4
4
4
3
4
3
4
3
4
4
4
4
4
4
3
4
3
4
4
4
4
4
4
4
4
4
4
4
4
4
4
4
4
4
4
4
4
4
4
4
4
4
4
4
4
4
4
4
4
4
4
4
4
4
4
4
4
4
4
4
4
4
4
4
4
4
4
4
4
4
4
4
4
4
4
4
39
67
35
11
50
15
34
33
6
5
6
5
5
5
5
5
5
5
5
4
4
