22
21
22
23
22
26
26
27
27
27
26
27
29
27
27
37
32
60
47
32
29
28
30
30
28
28
28
31
29
29
28
29
33
30
22
20
20
20
20
20
21
23
22
23
23
22
22
23
22
21
22
21
20
20
20
18
18
19
26
29
29
29
28
25
19
20
19
19
22
22
21
22
21
22
25
24
24
23
23
23
24
23
23
23
23
22
23
22
23
22
26
23
22
23
22
23
23
23
23
22
22
22
22
22
22
22
21
22
21
22
21
21
21
21
21
21
21
20
20
21
20
20
20
20
20
20
20
20
20
20
20
20
20
20
20
20
21
20
20
20
20
20
20
19
19
19
19
19
18
19
18
19
23
27
27
28
30
28
28
28
28
30
28
30
28
28
28
29
28
29
29
28
28
28
29
28
28
28
30
29
30
28
28
28
28
28
32
29
28
29
28
29
28
28
29
28
28
29
32
28
28
28
28
29
28
28
28
28
28
30
27
28
28
28
28
28
28
28
28
28
28
28
28
28
29
28
28
30
28
27
27
27
30
30
29
28
28
27
28
28
27
27
28
28
28
27
32
28
27
27
27
28
27
27
25
25
27
44
28
32
35
37
37
35
35
30
42
44
58
57
46
30
32
44
47
46
45
30
29
27
30
29
41
33
27
27
30
25
