3
15
5
2
3
2
12
10
13
5
3
4
14
3
1
1
1
1
1
1
2
1
1
1
1
1
1
12
1
2
2
5
2
3
2
2
2
2
2
2
2
2
2
2
2
2
2
1
1
1
1
1
1
1
1
1
2
1
1
1
1
1
1
1
1
1
1
1
1
1
1
1
1
1
1
1
1
1
1
1
1
1
1
1
1
1
1
1
1
1
1
1
1
1
1
1
1
1
3
1
1
1
1
1
1
1
4
1
1
1
1
1
1
1
1
1
1
1
1
1
1
1
1
1
1
1
7
4
1
1
1
1
1
1
1
1
1
1
1
1
1
1
1
1
1
1
1
1
1
1
1
1
1
1
1
1
1
1
1
1
1
1
1
1
1
1
1
1
1
1
1
1
1
2
1
1
1
1
1
1
1
1
1
1
1
1
1
1
1
1
1
1
1
3
5
2
4
2
2
6
3
3
6
8
4
3
5
4
2
5
2
2
4
3
4
6
3
3
2
3
5
8
6
4
8
14
6
8
13
8
3
8
14
25
15
2
9
12
42
20
7
9
18
10
8
9
9
6
4
4
4
4
4
5
5
5
3
2
4
7
5
5
7
5
8
8
12
7
8
9
10
6
7
7
22
19
9
11
14
11
9
10
6
6
6
5
5
2
