12
12
24
20
7
16
4
22
9
2
9
28
17
16
13
27
21
18
10
11
15
4
7
16
20
2
2
2
2
2
2
2
1
1
2
2
1
2
2
2
2
1
2
2
1
2
2
2
2
2
1
1
1
1
1
1
1
1
2
1
1
2
1
1
1
1
1
1
1
1
2
2
2
2
1
2
1
1
2
1
1
1
1
1
1
1
1
1
1
1
1
1
1
1
1
4
2
1
1
1
1
1
1
1
1
5
1
2
2
1
1
1
1
1
1
1
2
1
1
3
1
1
1
1
5
1
1
1
1
1
1
1
1
1
1
1
1
1
1
1
1
1
1
1
1
1
1
1
1
1
1
1
1
1
1
1
1
1
1
1
1
1
1
1
1
1
1
1
1
1
1
1
1
1
1
1
1
1
1
1
1
1
1
1
1
1
1
1
1
1
1
3
1
1
1
1
1
1
1
1
1
1
1
1
1
1
1
1
1
1
1
1
1
1
1
1
1
1
1
1
1
1
1
1
1
1
1
1
1
1
3
1
1
1
1
1
1
1
1
1
1
1
1
1
1
1
1
1
1
1
1
1
1
1
1
1
1
1
1
3
6
4
16
1
1
1
1
1
7
23
17
2
1
6
1
1
1
1
22
5
3
3
1
2
2
3
2
2
