30
28
28
29
28
28
28
29
29
28
30
29
29
30
29
28
28
29
30
28
30
29
28
28
28
28
28
30
28
30
28
28
28
27
28
29
29
28
29
29
28
28
28
29
28
29
28
30
30
29
28
30
29
28
28
29
28
29
29
29
29
28
27
28
29
29
27
28
29
28
30
29
28
28
28
29
28
30
29
31
31
29
30
29
31
31
31
30
30
30
31
29
31
31
32
31
30
29
30
31
32
32
31
31
31
30
30
31
31
30
30
32
30
35
36
36
36
36
35
36
34
34
36
33
37
35
36
37
35
37
36
35
35
36
32
34
32
30
32
30
31
32
31
32
31
32
33
30
31
29
33
32
33
34
30
29
29
31
30
28
31
28
30
28
29
31
30
30
30
29
30
30
29
30
29
30
30
31
29
30
29
30
29
30
29
28
30
28
30
27
28
29
30
28
29
31
29
29
30
29
29
30
28
30
29
28
29
29
29
28
28
28
30
28
28
30
28
28
31
28
29
30
29
28
29
28
29
31
29
29
30
30
30
28
28
30
28
30
30
28
28
30
30
27
30
28
28
28
28
31
30
31
30
29
29
31
30
30
28
29
29
29
29
29
29
29
28
28
28
30
30
29
29
30
29
28
31
30
31
27
30
29
30
28
29
28
28
29
