46
45
46
36
45
44
45
45
45
45
45
45
45
45
45
35
45
45
45
45
45
45
45
45
45
45
45
35
45
45
45
46
45
45
45
45
45
45
45
36
45
45
45
46
45
45
45
46
45
45
45
35
45
45
45
45
45
45
45
45
45
46
45
36
45
45
45
45
45
45
45
46
45
45
46
35
45
45
45
45
45
45
45
45
45
45
45
35
45
46
45
45
45
45
46
45
45
45
45
36
46
46
45
45
45
45
45
45
45
45
45
36
44
45
45
44
44
45
44
44
44
44
44
34
43
44
44
44
45
44
45
44
44
45
45
35
45
45
45
45
45
45
45
45
45
45
45
35
45
46
46
46
45
45
45
46
45
45
45
36
45
45
45
45
45
45
45
45
45
45
45
35
45
45
45
45
45
45
45
45
45
45
45
35
45
45
45
45
45
45
45
45
45
45
45
35
45
45
45
45
45
45
45
47
45
46
45
37
47
46
46
46
46
46
46
45
46
46
46
36
46
48
46
46
46
46
45
45
45
45
45
36
45
45
45
45
45
46
45
45
45
45
45
35
45
46
45
45
45
45
45
45
45
45
45
36
45
45
46
45
46
46
46
45
46
46
46
35
46
46
46
46
45
45
45
45
45
45
45
35
46
47
45
46
45
45
45
45
