14
14
14
14
20
33
15
14
14
14
21
34
14
14
14
14
20
32
14
14
14
15
21
31
13
14
14
14
21
34
14
14
14
15
20
35
15
14
13
14
17
34
14
14
13
13
18
33
14
14
13
13
20
33
13
14
13
14
18
35
14
14
13
14
13
14
13
14
13
14
13
14
13
14
13
14
15
14
14
14
18
15
15
15
14
15
14
14
16
14
14
15
15
15
29
89
45
15
14
15
14
12
12
14
12
13
12
13
12
13
12
13
11
12
12
13
12
13
12
13
12
13
12
12
11
13
12
13
12
13
12
13
12
13
12
13
12
13
12
13
12
13
12
13
12
13
12
13
14
16
15
16
15
16
15
16
15
16
14
15
13
14
13
14
13
14
13
14
13
14
13
14
14
14
13
14
13
14
13
14
13
15
14
15
20
32
13
14
13
14
19
30
13
14
13
13
22
29
13
14
12
14
21
29
13
14
12
14
19
30
13
14
13
16
20
32
13
14
13
13
20
31
13
14
15
15
22
37
14
16
13
13
19
32
13
14
13
14
23
33
15
16
16
16
21
31
14
16
15
16
25
34
15
15
14
16
21
29
15
17
15
18
24
33
15
22
14
14
23
31
13
14
13
14
21
26
16
16
16
17
23
35
16
17
16
18
25
35
