16
16
21
20
19
20
20
20
21
17
17
22
16
14
17
15
15
13
13
15
13
12
15
17
17
16
4
3
3
3
4
4
4
2
2
2
2
2
2
3
2
2
2
2
2
2
3
2
2
2
2
3
2
2
2
2
2
2
2
2
2
2
2
2
2
2
2
2
2
2
2
2
2
2
2
2
2
2
2
2
2
2
2
2
2
2
5
2
2
2
3
2
2
2
2
2
2
2
2
2
2
2
2
2
2
2
2
2
2
4
2
2
2
2
2
5
2
2
2
3
2
4
2
2
4
2
2
2
2
2
2
2
2
2
2
2
2
2
2
2
2
2
2
2
2
2
2
2
2
2
2
2
2
2
2
2
2
2
2
2
2
2
2
2
2
2
2
2
2
2
2
2
2
2
2
2
2
2
2
2
2
2
2
2
2
2
2
2
2
2
2
2
2
3
5
3
2
2
2
3
5
2
2
3
3
3
3
3
3
3
3
12
29
31
28
25
21
28
21
24
19
16
20
19
19
17
16
15
15
14
14
16
19
22
15
16
17
15
15
18
20
12
17
16
13
18
15
13
12
12
11
11
10
10
14
13
13
11
11
10
10
14
10
14
16
13
12
12
16
11
11
12
12
16
16
17
12
17
16
15
14
13
12
15
14
13
11
12
