3
2
3
3
3
3
3
3
3
3
3
2
3
3
3
3
3
2
3
3
3
3
9
2
3
2
3
3
3
3
3
3
3
2
3
2
3
2
3
3
3
2
3
3
3
3
3
2
3
2
3
3
3
2
3
3
3
3
3
2
3
2
3
2
3
2
3
3
3
3
3
2
3
2
3
3
3
2
3
3
3
3
3
2
3
2
3
3
3
2
3
3
3
2
3
2
3
2
2
2
2
2
2
2
2
2
2
2
2
2
2
2
2
2
2
2
2
2
2
2
2
2
2
2
2
2
2
2
3
2
2
2
2
2
2
2
2
2
2
2
2
2
2
2
2
2
2
3
2
3
3
3
3
2
2
2
2
2
2
2
2
2
3
3
3
3
2
2
2
2
2
2
2
2
2
2
3
2
2
2
2
2
2
2
2
2
2
2
3
2
2
2
2
2
4
3
3
2
3
3
3
2
3
3
3
3
3
2
3
2
3
3
3
3
3
2
3
2
3
3
3
2
3
3
3
3
3
2
3
2
3
3
3
3
3
3
4
3
3
2
3
2
3
3
3
2
3
3
3
2
3
27
3
7
4
3
2
2
8
16
3
2
2
2
2
2
2
2
2
2
2
2
2
2
2
3
4
21
3
2
4
2
3
2
3
3
4
4
