12
12
12
13
13
12
12
12
12
12
12
12
12
12
12
12
13
12
12
13
12
12
12
12
13
12
12
13
12
13
13
12
12
12
12
12
12
12
13
13
12
12
11
13
13
12
12
13
12
12
13
13
12
12
12
12
12
12
12
12
12
12
12
13
12
12
13
13
12
11
12
12
12
12
12
27
25
14
14
14
13
14
14
13
14
13
13
14
13
13
13
14
14
13
13
13
13
13
13
13
13
15
14
13
14
14
13
13
14
14
14
19
43
38
44
38
37
29
14
13
14
13
14
14
13
14
17
17
17
17
17
17
17
17
16
14
13
13
13
13
14
14
13
14
13
13
13
14
13
13
14
14
14
13
13
14
14
14
13
14
14
14
13
13
14
15
21
21
17
13
13
14
13
13
13
13
13
13
14
13
14
13
13
14
26
26
25
14
14
13
14
13
14
14
13
14
14
14
14
14
14
13
13
13
13
13
13
14
13
14
14
13
13
13
13
14
14
13
14
14
13
13
13
14
14
13
14
14
13
13
13
15
14
13
14
13
14
14
14
14
14
14
14
14
14
14
14
14
14
13
14
13
13
13
14
13
14
13
13
13
13
13
14
13
13
13
13
13
14
14
13
14
14
14
14
14
13
14
13
14
13
13
13
13
14
13
13
13
