48
45
45
38
39
42
39
41
45
48
48
42
42
40
41
42
40
46
43
43
47
49
44
49
42
41
40
36
43
42
36
40
40
40
38
41
40
39
42
39
39
39
40
38
42
44
42
36
40
38
42
41
39
41
40
38
43
42
38
34
33
35
39
41
41
43
40
41
42
42
42
44
42
39
43
32
29
31
31
27
31
31
30
29
32
30
32
38
42
42
45
40
42
41
41
40
44
43
40
41
41
41
43
40
43
43
43
43
44
44
43
38
40
39
40
41
43
41
43
42
42
41
44
43
41
39
35
43
36
33
40
38
34
38
40
38
33
38
40
38
39
38
37
39
39
36
36
42
43
37
39
40
40
40
38
38
40
40
40
40
39
40
40
40
42
42
41
41
42
41
42
42
41
43
45
45
45
43
46
46
45
45
44
43
43
42
43
41
43
43
43
43
41
41
42
41
41
44
44
40
45
41
40
45
43
41
46
49
48
49
45
40
45
46
44
43
45
44
45
44
44
41
48
46
44
43
41
43
47
44
50
47
40
44
43
46
45
48
44
45
42
46
20
43
44
38
43
43
43
42
48
42
48
45
50
42
46
46
49
41
48
43
29
28
30
29
29
29
33
27
33
36
35
35
44
44
42
45
47
43
45
48
47
42
48
45
48
42
