54
56
54
58
54
55
55
55
55
56
54
55
54
55
59
59
53
54
54
58
59
52
51
53
50
51
50
50
49
50
49
51
49
50
49
49
48
49
49
49
48
49
48
48
51
52
51
50
51
52
51
51
50
49
47
49
48
49
49
52
53
54
52
52
53
55
51
48
48
52
55
54
54
54
55
55
55
55
54
55
53
48
46
49
47
49
47
48
48
49
47
49
48
50
48
53
52
50
49
50
51
49
48
48
48
49
48
48
46
50
54
52
47
48
48
48
49
48
51
49
48
50
54
56
46
39
37
43
42
45
47
45
46
46
47
44
46
46
44
44
45
45
50
52
49
44
40
40
40
44
46
48
41
41
39
40
40
40
40
45
44
45
40
45
48
47
42
42
48
47
41
44
41
44
42
44
41
43
41
45
46
50
49
47
46
54
55
56
56
56
48
49
49
49
50
50
44
42
40
42
40
40
43
42
48
50
43
52
54
54
55
50
50
49
42
45
47
47
47
50
53
54
48
48
42
41
48
51
49
47
46
48
48
47
49
50
47
48
46
48
53
49
47
47
45
51
47
48
46
46
48
48
47
48
47
48
52
49
53
54
49
49
50
55
53
53
51
48
50
50
54
51
48
52
49
52
50
50
48
49
54
55
49
54
52
48
49
48
