15
15
15
15
15
23
38
29
14
15
14
16
15
16
17
22
15
18
19
15
14
15
14
15
15
16
16
15
15
18
18
13
13
15
15
15
15
15
14
15
14
18
21
14
13
14
14
15
15
15
14
15
16
20
21
15
15
15
15
16
15
15
14
15
14
18
18
13
12
13
12
12
12
13
12
12
12
17
18
13
13
14
14
14
14
14
13
12
12
16
17
12
12
12
12
12
12
12
11
11
12
16
17
12
12
12
12
14
12
12
12
12
12
16
18
13
13
13
12
13
13
12
12
12
12
16
18
13
12
12
12
12
12
12
12
12
12
16
18
19
21
20
20
20
20
19
19
19
17
22
20
13
12
16
12
14
13
13
12
13
12
14
18
15
13
13
12
13
12
12
12
12
12
13
18
13
12
12
12
12
12
12
12
12
12
16
18
12
12
12
12
12
12
12
12
12
12
15
17
11
11
12
11
13
12
12
12
12
12
16
18
13
12
13
13
12
13
12
14
16
15
23
26
15
15
15
15
14
15
16
14
14
14
17
16
15
14
15
15
14
15
15
15
16
15
20
19
15
15
15
14
16
17
15
15
15
14
16
17
13
13
14
13
14
14
14
14
14
14
17
15
15
15
16
15
15
16
15
14
15
14
18
20
15
14
19
19
13
