6
7
4
3
4
5
4
4
4
4
4
3
3
3
3
3
4
4
4
4
4
4
4
5
6
5
6
5
6
4
3
4
4
3
3
12
12
7
3
3
3
3
3
3
3
3
3
3
3
3
3
3
3
3
3
3
3
3
3
3
3
3
4
3
3
3
3
3
3
3
3
3
3
3
3
3
3
3
3
3
4
3
3
3
3
3
3
3
3
3
3
3
4
3
3
3
3
3
3
3
4
4
3
3
3
3
4
4
3
3
4
3
3
4
3
3
3
3
3
3
3
3
3
3
4
3
3
3
3
3
3
3
3
3
3
3
3
4
3
3
3
3
3
3
3
3
3
3
4
14
4
3
3
3
3
3
3
3
3
3
3
3
3
3
3
3
3
3
3
3
3
3
3
3
4
4
3
3
3
3
3
3
3
3
3
3
3
3
3
3
3
3
3
3
3
3
3
3
3
3
3
3
3
3
3
3
3
10
12
5
3
3
3
3
3
3
3
3
3
3
3
6
6
9
7
13
11
16
11
10
9
9
15
9
7
8
10
9
10
7
11
11
10
8
8
7
7
6
12
31
40
43
45
43
16
9
11
10
10
10
8
9
13
12
7
9
10
8
11
8
8
6
9
5
8
8
10
5
6
8
7
7
8
7
8
7
7
8
