0
0
0
0
7
11
16
8
1
0
7
11
0
0
0
0
7
11
0
0
0
0
7
13
0
0
0
0
7
12
0
0
0
0
7
10
0
0
0
0
7
12
0
0
0
0
7
11
0
0
0
0
7
11
0
0
0
0
7
11
0
0
0
0
7
12
0
0
0
0
7
12
0
0
0
0
7
12
0
0
0
0
7
11
0
0
0
0
7
11
0
0
0
0
7
11
0
0
0
0
7
12
0
0
0
0
7
12
0
0
0
0
7
9
0
0
0
0
9
9
0
0
0
0
9
9
0
0
0
0
10
9
0
0
0
0
10
8
0
0
0
0
9
9
0
0
0
0
9
11
0
0
0
0
9
10
0
0
0
0
9
9
0
0
0
0
9
9
0
0
0
0
9
9
0
0
0
0
10
9
0
0
0
0
9
8
0
0
0
0
9
9
0
0
0
0
9
9
0
0
0
0
9
9
0
0
0
1
9
9
0
1
0
0
10
9
0
0
0
0
9
9
0
0
0
0
9
10
0
0
0
0
9
9
1
0
0
1
10
10
1
1
0
1
10
9
0
1
0
0
9
9
0
0
0
0
9
10
9
9
1
1
9
13
1
2
0
0
9
11
0
1
0
1
9
11
0
1
1
1
10
12
1
0
0
0
10
11
