16
16
16
16
16
16
16
17
16
16
16
16
16
16
16
16
16
16
16
16
16
16
16
16
16
17
16
17
16
16
16
16
16
16
16
16
16
16
16
16
16
16
16
17
16
16
16
16
16
16
16
16
16
16
16
16
16
17
16
17
16
16
16
16
16
16
16
16
16
16
16
16
16
17
16
16
16
16
16
16
16
16
16
16
17
16
17
17
17
16
16
16
16
16
16
17
16
16
16
16
16
16
16
16
16
16
16
16
16
16
16
16
16
16
16
16
16
16
16
16
16
16
16
16
16
16
16
16
16
16
16
16
16
16
16
16
16
16
16
16
16
16
16
16
16
16
16
16
16
16
16
16
16
16
16
16
16
16
16
16
16
16
16
16
16
16
16
16
16
16
16
16
16
16
16
16
16
16
16
16
16
16
16
16
16
16
16
16
16
17
16
16
16
16
16
17
18
16
17
17
17
17
17
17
17
17
17
17
17
18
19
18
17
17
18
18
17
18
17
18
17
18
17
18
18
19
18
18
17
18
17
17
17
18
18
19
18
18
18
18
18
19
17
18
17
18
17
18
18
18
19
18
18
18
17
17
17
17
17
17
17
18
18
18
18
18
18
19
19
21
20
21
20
22
20
21
19
19
20
19
18
18
18
18
18
19
18
18
