18
19
18
19
19
18
19
19
19
19
19
19
18
19
18
18
19
18
17
17
18
17
18
17
19
17
17
17
17
18
18
18
18
18
18
14
12
17
18
18
19
19
20
18
18
18
18
18
18
17
18
17
17
14
14
15
15
16
16
16
15
19
20
19
17
15
15
17
16
18
17
17
17
18
19
16
17
17
19
20
13
12
15
17
15
11
12
12
12
12
11
11
12
11
11
11
11
12
13
14
14
16
18
22
25
21
19
20
20
19
18
21
21
18
19
17
18
35
26
21
21
20
22
21
19
16
15
11
1
1
1
1
1
1
1
1
1
1
1
1
1
1
1
1
1
1
1
1
1
1
1
1
1
1
1
1
1
1
1
1
1
1
1
1
1
1
1
1
1
1
1
1
1
1
1
1
1
1
1
1
1
1
1
1
1
1
1
1
1
1
1
1
1
1
1
1
1
1
1
1
1
1
1
1
1
1
1
1
1
1
1
1
1
1
1
1
1
1
1
1
1
1
1
1
1
1
1
1
1
1
1
1
1
1
1
1
1
1
1
1
1
1
1
1
1
1
1
1
1
4
1
1
1
1
1
1
1
1
1
1
1
1
1
3
2
1
1
1
1
1
1
1
1
1
1
1
1
1
1
1
1
1
1
1
1
1
1
1
