0
0
0
0
0
0
0
1
0
0
0
1
0
0
0
1
0
0
1
0
0
1
0
0
1
0
0
0
1
0
0
0
0
0
0
9
11
11
12
11
12
5
1
0
0
0
0
0
1
0
1
0
0
1
1
0
0
1
0
0
0
0
0
0
0
0
0
0
0
0
0
0
0
0
0
0
0
0
1
0
0
0
0
0
11
11
11
13
12
13
6
0
1
0
0
0
0
0
1
0
0
0
0
0
0
0
1
10
11
11
11
11
11
5
0
0
0
0
0
0
0
0
0
0
1
0
0
0
0
0
0
0
0
0
2
13
12
12
2
0
0
0
0
0
0
0
0
0
0
0
1
0
0
0
0
0
0
0
0
0
0
0
1
0
0
0
0
0
0
0
0
0
0
0
0
0
0
0
0
5
11
11
12
12
12
10
0
0
0
0
1
0
0
1
0
0
1
0
0
0
0
0
0
0
0
0
0
0
0
0
0
0
0
0
0
0
0
0
0
1
1
0
1
1
0
1
0
8
12
13
13
13
13
8
1
1
1
1
0
0
0
0
0
1
0
0
0
1
0
0
0
1
0
0
0
1
1
1
1
0
0
0
1
0
0
1
0
0
0
1
0
0
1
0
0
6
11
12
11
11
11
11
1
1
0
0
0
0
