15
15
15
14
15
15
15
15
15
15
15
15
14
15
15
15
15
15
15
15
15
14
15
15
15
14
15
15
15
15
15
15
15
15
15
15
15
15
15
15
15
15
15
15
14
15
15
15
15
15
15
15
15
15
15
15
15
15
15
15
15
15
15
15
15
14
15
15
15
15
15
15
15
15
14
10
7
13
13
9
11
12
12
13
8
7
12
13
13
12
12
13
13
12
12
12
12
12
12
12
12
12
12
12
12
12
12
12
12
13
12
12
12
12
12
12
12
12
13
13
12
12
13
12
12
12
12
12
13
12
12
12
12
12
12
12
12
12
12
12
12
12
12
12
12
13
12
12
13
13
12
12
12
13
13
12
12
12
12
12
12
12
12
12
12
12
12
12
12
12
12
12
12
12
12
12
12
12
12
12
12
12
12
12
12
12
12
12
12
12
12
12
12
12
12
12
12
12
12
12
12
12
12
13
12
12
12
13
13
12
12
12
13
13
12
12
12
13
12
12
12
12
13
12
12
12
12
12
12
12
12
13
12
12
12
12
12
12
12
12
12
12
12
12
13
12
12
12
12
12
12
12
12
12
12
12
12
12
12
12
12
12
12
12
12
12
12
13
12
12
12
13
12
12
13
13
12
12
12
12
12
12
12
12
12
13
12
12
