8
9
8
9
8
11
10
12
8
9
8
9
8
9
8
10
8
12
11
14
9
8
9
9
10
8
10
8
9
12
11
14
10
8
10
8
10
8
9
8
9
10
11
10
9
8
9
9
9
9
8
9
8
13
10
12
8
9
8
9
8
9
8
10
8
11
9
12
8
9
8
9
8
9
8
9
9
10
10
10
10
8
10
8
9
8
9
8
10
8
9
8
9
8
9
8
10
8
9
8
9
8
9
8
9
8
9
9
8
10
8
10
8
10
8
9
8
9
8
10
9
9
8
9
8
9
8
9
8
9
8
9
8
9
8
9
9
8
9
8
10
8
10
8
10
8
9
8
9
8
9
8
10
8
9
8
9
8
10
8
9
8
9
8
8
8
8
9
9
10
8
10
8
9
8
10
8
10
8
9
8
9
8
9
9
9
8
9
8
9
8
9
8
9
9
8
9
8
10
8
10
8
9
8
10
8
10
10
11
10
12
13
10
8
10
9
11
10
13
10
12
14
16
14
12
13
13
13
12
12
15
13
15
19
17
17
21
19
13
17
16
18
14
14
17
19
12
15
10
11
10
10
15
13
18
14
18
18
20
27
30
19
17
19
15
15
19
26
28
23
27
26
28
21
18
17
19
14
15
14
17
17
20
17
12
17
16
21
