12
12
12
12
12
12
12
12
13
13
14
13
13
14
15
13
14
13
13
14
14
13
15
14
13
13
13
14
14
13
14
13
14
13
13
13
14
14
14
13
14
14
13
14
14
13
13
14
14
13
14
14
14
12
11
12
12
12
12
12
11
11
12
11
11
11
11
10
10
10
9
10
10
8
7
10
7
9
7
8
12
13
8
6
12
12
7
6
6
6
6
6
6
6
6
6
6
6
6
6
6
6
6
5
5
6
6
5
6
5
5
5
5
5
6
5
5
6
5
5
6
5
5
6
5
5
6
5
5
5
5
5
6
5
5
5
5
5
5
5
5
5
5
5
6
5
5
5
6
5
6
5
5
6
5
5
5
5
5
6
5
5
5
5
5
6
5
5
6
5
5
6
5
5
6
5
5
5
5
5
6
5
5
6
5
5
6
5
5
6
5
5
6
5
5
6
5
5
5
5
5
6
5
5
6
5
5
6
5
5
6
5
5
5
5
5
6
5
5
5
5
5
6
5
5
5
5
5
5
5
5
6
5
5
5
5
5
6
5
5
5
6
5
6
6
6
5
5
5
6
5
5
6
6
5
6
5
5
6
5
5
6
6
5
6
6
5
6
5
5
6
5
5
6
5
5
6
5
12
9
7
5
7
5
6
6
6
5
