57
57
56
56
56
56
57
57
57
57
57
51
43
43
43
43
43
43
43
41
29
22
15
15
15
15
15
15
15
15
15
15
15
15
15
15
15
15
15
15
15
15
15
15
15
15
15
15
15
15
15
10
1
1
1
1
1
1
1
1
0
1
0
0
1
0
0
0
0
0
0
0
0
0
0
0
0
0
0
0
0
0
0
0
0
0
0
0
0
0
0
0
0
0
0
0
0
0
0
0
0
0
0
0
0
0
0
0
0
0
0
0
0
0
0
1
0
1
0
0
0
0
0
16
70
103
103
103
103
103
103
103
103
103
103
103
103
103
103
103
103
103
103
103
103
103
103
103
103
103
103
103
103
104
103
103
103
103
103
103
103
103
103
103
103
103
103
103
104
103
103
103
104
104
103
103
104
103
104
104
104
103
103
103
104
104
104
103
104
91
86
86
86
86
86
86
86
86
86
86
86
86
86
86
86
86
86
86
86
86
86
86
86
86
86
86
86
77
86
86
86
86
86
86
86
86
85
83
86
86
88
91
96
96
86
86
86
83
72
67
58
46
35
29
18
15
15
15
15
9
1
1
1
1
1
14
21
89
10
50
61
3
1
1
1
1
1
1
1
1
1
44
100
30
13
88
44
0
0
0
1
1
1
1
1
1
1
1
