102
103
103
102
103
103
103
103
103
103
101
98
97
97
97
97
97
97
97
98
97
98
98
95
79
58
58
58
58
58
58
44
43
43
42
29
29
29
28
15
15
15
15
15
15
15
12
0
1
0
0
0
0
0
0
0
0
0
0
0
0
0
0
0
0
0
0
0
0
0
1
0
0
1
1
1
0
0
0
0
0
0
0
0
1
0
0
0
0
0
0
0
0
0
0
0
0
0
0
0
0
0
0
0
0
0
0
0
0
0
0
0
0
0
0
0
0
0
0
0
0
0
22
87
103
103
103
103
103
103
103
103
103
103
103
103
103
103
103
103
103
103
103
103
103
103
103
103
103
103
103
103
103
103
103
103
103
103
103
103
103
103
103
103
103
103
103
103
103
103
103
103
103
103
103
103
103
103
103
103
103
103
103
103
103
103
103
103
103
103
103
99
86
72
60
51
43
43
43
43
43
43
43
43
43
43
43
43
43
43
43
43
43
43
44
43
43
44
43
43
43
43
43
43
43
43
44
43
57
53
84
103
75
43
43
43
43
39
29
29
29
13
0
0
0
1
0
0
0
0
1
0
0
0
19
25
97
13
54
49
3
1
1
1
1
0
1
0
0
1
48
99
44
14
88
66
1
1
1
1
1
1
1
1
0
0
1
0
