87
87
87
87
78
72
72
72
72
72
72
72
66
58
58
58
58
58
58
58
58
53
44
43
43
43
41
29
15
15
15
11
0
0
0
0
0
0
0
0
0
0
0
0
0
0
0
0
0
0
0
0
0
0
0
0
0
0
0
0
0
0
0
0
0
0
0
0
0
0
0
0
0
0
0
0
0
0
0
0
0
0
0
0
0
0
0
0
0
0
0
0
0
0
0
0
0
0
1
0
0
0
1
0
0
0
0
0
0
0
0
0
0
0
0
0
0
0
0
0
0
0
15
73
102
103
103
103
103
105
105
105
104
104
105
105
105
104
104
104
105
105
105
104
104
105
105
104
105
105
105
105
105
104
105
104
105
105
104
105
105
105
105
104
104
105
104
104
104
104
105
105
105
104
105
104
104
105
105
105
105
104
105
105
105
105
105
105
105
100
98
98
98
98
98
98
98
98
98
98
98
98
98
98
98
98
98
98
98
98
98
98
98
98
98
98
98
98
98
98
98
98
98
98
98
98
98
98
100
99
102
104
101
98
98
94
87
84
72
55
40
29
29
29
29
29
29
16
15
15
15
15
15
23
41
63
27
55
60
17
15
15
15
15
15
15
15
15
15
56
95
35
24
86
55
26
14
1
1
1
1
1
1
1
1
1
0
1
