104
98
98
98
98
98
98
98
98
98
98
98
98
98
98
98
98
98
98
98
98
98
98
98
98
98
92
87
87
87
87
87
87
87
87
87
87
87
83
69
58
58
58
58
58
40
16
15
15
15
15
15
15
2
1
1
1
1
1
1
1
1
1
1
1
1
1
1
1
1
1
1
1
1
1
1
1
1
1
1
1
1
1
1
1
1
1
1
1
1
1
1
1
1
1
1
1
1
1
1
1
1
1
1
1
1
1
1
1
1
1
1
1
1
1
1
1
1
1
1
1
1
0
38
101
103
104
104
104
104
104
104
104
104
104
104
104
104
104
104
104
104
104
104
104
104
104
104
104
104
104
104
104
104
104
104
104
104
104
104
104
104
104
104
104
104
104
104
104
104
104
104
104
104
104
104
104
104
104
104
104
104
104
104
104
104
104
104
104
103
104
103
103
92
86
83
72
72
72
72
72
72
72
72
72
72
72
72
68
58
58
58
58
58
58
58
58
57
56
57
57
57
57
57
57
58
58
56
56
66
66
82
95
74
45
29
29
29
29
29
29
21
15
15
15
15
15
15
15
4
1
1
1
1
1
13
73
99
15
51
57
3
1
1
1
1
1
1
1
1
1
36
101
23
13
85
48
1
1
1
1
1
1
1
1
1
1
1
