72
72
72
72
72
72
72
72
72
69
58
58
58
51
43
43
37
29
29
29
29
29
29
29
29
29
29
29
29
29
29
29
29
29
29
29
29
29
29
29
29
29
15
0
0
1
0
0
0
0
0
0
0
0
0
0
0
0
0
0
0
0
0
0
0
0
0
0
0
0
0
0
0
0
0
0
0
0
0
0
0
0
0
0
0
0
0
0
0
0
0
0
0
0
0
0
0
0
0
0
0
0
0
0
0
0
0
0
0
0
0
0
0
0
0
0
0
0
0
0
0
0
0
18
91
105
105
105
105
105
105
105
105
105
105
105
105
104
105
104
104
105
105
105
105
105
105
105
105
105
105
105
105
105
105
105
105
105
105
105
105
105
105
104
105
105
105
105
105
104
105
105
105
104
105
105
105
104
105
105
105
105
105
104
105
105
105
105
105
97
75
72
72
72
72
72
72
72
72
72
72
72
72
72
72
72
72
72
72
72
72
72
72
72
72
72
72
72
72
72
72
72
72
72
72
72
72
72
72
82
77
94
104
90
61
57
43
43
43
43
43
43
43
43
42
25
15
15
15
15
15
15
15
15
15
27
35
93
24
59
63
16
15
15
15
12
0
0
0
0
0
46
100
21
13
90
44
0
0
0
0
0
0
0
0
0
0
0
