105
99
98
98
98
98
98
98
98
98
98
98
98
98
98
98
98
98
98
98
85
72
72
72
72
72
72
72
72
72
72
72
72
72
64
54
43
43
43
43
43
43
43
43
43
25
15
15
15
15
15
15
15
15
15
15
15
15
15
15
15
3
0
0
0
0
0
0
0
0
0
0
0
0
0
0
0
0
0
0
0
0
0
0
0
0
0
0
0
0
0
0
0
0
0
0
0
0
0
0
0
0
0
0
0
0
0
0
0
1
0
0
0
0
0
0
0
0
0
0
0
0
0
31
101
105
105
105
105
105
105
105
105
105
105
105
105
105
105
105
105
105
105
105
105
105
105
105
105
105
105
105
105
105
105
105
105
105
105
105
105
105
105
105
105
105
104
105
105
105
105
105
105
105
105
105
104
105
105
105
105
105
105
105
105
105
105
105
105
105
105
105
99
90
87
87
87
87
87
87
87
87
87
87
87
87
87
87
87
87
87
87
87
87
87
87
87
87
87
87
77
72
72
58
47
44
43
43
44
63
50
81
104
65
29
29
29
29
16
15
15
15
15
15
6
6
0
0
0
24
0
0
0
0
0
15
26
96
15
50
59
2
0
0
0
0
0
0
0
0
0
47
99
19
13
88
50
3
0
0
0
0
0
0
0
0
27
3
