71
71
71
71
71
62
57
57
57
57
57
52
43
43
43
43
43
43
43
43
43
43
43
43
43
43
43
43
43
43
43
36
29
29
15
15
15
15
15
15
15
15
15
15
8
0
0
0
0
0
0
0
0
0
0
0
0
0
0
0
0
0
1
0
0
0
0
0
0
0
0
0
0
0
0
0
0
0
0
0
0
0
0
0
0
1
0
0
0
0
0
0
0
0
0
0
0
0
0
0
0
0
0
0
0
0
0
0
0
0
0
0
0
0
0
0
0
0
0
0
0
0
14
85
102
101
102
102
102
102
102
102
102
102
102
101
102
102
102
102
102
102
102
102
102
102
102
100
102
102
102
102
102
102
102
102
102
102
102
102
102
102
101
102
102
102
102
102
102
102
102
102
102
102
102
102
102
102
102
102
102
102
102
102
102
102
102
102
102
102
102
102
102
102
101
102
102
102
102
102
102
102
102
102
102
102
102
102
102
102
102
102
102
102
102
102
102
102
102
102
102
101
102
102
102
102
102
102
102
102
102
102
102
102
102
101
102
103
103
103
98
91
82
72
65
57
55
43
53
29
29
29
21
15
32
33
94
20
62
66
17
15
15
15
15
15
15
15
15
15
52
103
32
27
95
55
15
15
15
15
11
0
0
0
0
28
2
0
