100
96
96
96
96
96
96
96
95
85
85
85
85
85
85
85
85
85
85
85
80
71
71
71
71
71
71
71
57
57
57
57
57
57
57
57
57
57
57
57
57
50
29
29
29
16
15
7
0
0
0
0
0
0
0
0
0
0
0
0
0
0
0
0
0
0
0
0
0
0
0
0
0
0
0
0
0
0
0
0
0
0
0
0
0
0
0
0
0
0
0
0
0
0
0
0
0
0
0
0
0
0
0
0
0
0
0
0
0
0
0
0
0
0
0
0
0
0
0
0
0
0
0
25
89
102
102
102
103
102
102
102
102
102
102
102
103
102
102
102
102
102
102
102
102
102
102
102
101
102
102
102
102
102
102
102
101
102
102
102
102
101
102
102
102
102
102
102
102
102
102
102
102
102
102
102
102
102
102
102
102
102
102
102
102
102
102
102
103
98
95
85
85
85
85
73
53
43
37
28
15
15
15
15
15
15
15
15
15
15
15
15
15
15
15
15
15
15
15
15
15
15
15
15
15
4
0
0
0
37
24
70
101
0
1
1
1
1
1
1
1
1
1
1
1
7
0
0
0
26
1
1
1
0
0
19
25
92
16
53
53
2
1
1
1
1
1
1
1
0
0
47
98
25
13
84
43
1
1
1
1
1
1
1
1
1
22
3
