96
95
95
95
95
93
94
94
94
95
95
95
96
96
95
95
95
95
95
96
95
96
95
95
94
94
93
93
93
93
95
94
94
94
96
96
94
93
93
94
92
92
93
93
92
91
95
91
92
89
73
56
30
22
15
15
1
0
24
96
95
62
19
95
95
95
95
94
92
92
93
93
92
94
90
92
91
92
95
94
94
91
92
94
91
93
90
87
88
88
75
84
86
96
96
96
96
96
96
96
96
96
91
90
91
89
95
96
95
96
96
96
96
96
95
95
95
96
96
96
96
96
95
95
92
93
95
95
95
96
96
96
94
94
95
95
94
94
88
91
94
94
95
95
95
94
95
78
60
42
27
27
20
13
2
0
0
0
0
0
0
0
0
0
19
96
96
95
88
73
61
27
82
96
96
96
97
96
96
96
96
96
96
95
96
94
91
90
73
36
6
0
0
0
0
0
0
0
0
0
0
0
0
0
59
79
17
2
0
0
0
1
4
91
95
95
94
92
92
94
93
93
93
90
90
80
32
13
12
0
0
10
2
19
97
92
68
40
29
22
4
0
9
2
17
95
96
94
94
93
92
94
93
93
93
93
85
54
43
29
15
8
0
0
0
0
0
9
96
45
7
0
0
0
0
0
0
0
0
0
9
1
0
11
0
0
10
0
