103
103
102
103
102
102
102
101
100
101
99
99
99
100
100
101
102
100
101
102
101
100
100
100
101
101
100
99
98
99
99
98
98
97
97
98
98
99
100
100
99
100
98
99
98
99
99
100
98
99
93
95
87
56
51
40
39
36
40
39
28
22
11
0
11
102
104
104
103
104
103
103
101
102
103
100
102
102
101
102
101
100
100
99
97
99
98
99
99
99
100
100
88
49
90
103
104
102
104
103
102
102
103
104
103
104
104
100
95
103
103
99
101
102
103
103
103
104
102
102
103
102
103
101
101
101
102
102
102
100
101
100
99
101
101
101
100
100
100
100
95
98
99
99
101
100
99
98
98
95
91
50
2
0
16
46
2
0
0
0
0
0
0
0
0
0
21
104
100
98
91
85
67
57
36
15
0
0
0
0
0
0
0
0
0
0
0
0
0
0
0
0
0
0
0
0
0
0
0
0
0
0
0
0
0
0
62
71
19
15
15
6
0
0
4
97
98
100
100
97
97
99
96
92
94
94
93
88
62
27
14
1
0
9
2
21
101
97
79
47
15
15
1
0
16
2
16
100
100
99
99
99
98
95
98
98
97
97
96
74
41
23
2
11
0
0
0
0
0
10
99
35
9
0
0
0
0
0
0
0
0
0
10
1
0
11
0
0
