83
86
84
87
84
85
77
85
78
91
83
85
77
78
79
83
82
83
80
82
80
74
75
80
78
75
77
80
77
81
74
87
88
82
85
78
75
83
84
75
80
77
77
84
73
79
78
81
74
81
81
76
72
64
62
52
35
24
25
24
24
25
24
23
22
24
79
84
88
87
83
79
73
81
82
80
77
75
77
78
80
78
81
73
81
82
74
80
80
79
78
84
60
48
83
78
82
80
85
84
80
82
78
85
95
91
84
91
80
89
86
84
89
87
77
82
79
84
83
87
83
81
82
81
82
89
87
86
78
85
81
77
85
80
75
84
75
82
85
81
82
78
81
84
86
81
80
77
80
83
83
81
87
83
90
75
69
66
59
58
50
49
50
50
51
43
37
37
38
26
26
25
13
13
5
79
86
85
86
90
94
93
93
93
95
88
87
85
76
82
78
84
74
78
67
31
24
13
12
7
1
2
1
0
0
0
0
0
0
0
0
0
0
0
0
2
81
90
93
93
92
91
90
91
90
86
77
71
62
28
7
13
0
0
10
2
0
0
7
46
97
83
84
92
89
86
90
86
91
87
89
86
89
91
80
75
79
77
83
73
65
55
37
37
34
12
0
0
0
0
0
0
0
0
0
0
0
0
0
0
0
0
0
1
1
0
0
0
