96
86
82
88
87
89
83
92
91
85
80
83
83
85
85
87
90
88
87
86
87
92
82
85
83
87
84
83
83
86
84
84
87
81
84
84
82
82
86
85
81
83
87
82
84
83
81
89
83
78
80
73
60
45
37
27
23
24
24
23
24
16
12
18
84
87
86
85
84
81
88
85
89
85
83
85
79
78
82
81
79
79
82
83
85
86
88
83
76
47
76
88
83
82
94
84
86
89
83
87
87
87
89
77
58
49
88
88
83
83
89
87
79
85
81
83
86
86
87
86
85
80
81
78
75
78
79
80
78
86
85
80
83
79
82
78
80
74
83
80
83
85
80
78
84
75
83
81
76
71
75
79
78
80
79
78
69
66
56
57
51
35
34
32
34
34
26
12
12
12
12
11
78
87
91
97
89
84
87
93
91
97
86
96
86
88
88
88
87
82
87
93
90
86
90
95
91
67
27
26
3
0
0
0
0
0
0
0
0
0
0
0
2
50
56
56
58
56
56
60
61
60
59
59
54
45
29
12
14
0
0
10
2
0
0
7
47
92
94
89
87
91
91
91
79
88
88
91
85
91
91
96
92
88
90
87
86
80
80
59
49
47
19
11
0
0
0
0
0
0
0
0
0
0
0
0
0
0
0
0
1
1
0
0
0
0
2
0
