104
104
104
104
104
104
104
104
104
104
104
104
104
104
103
104
104
104
104
104
103
104
104
104
104
104
104
104
104
104
104
104
104
104
104
104
99
98
98
98
92
86
86
86
86
74
70
57
44
35
15
15
10
1
1
1
1
1
1
1
1
0
0
0
0
0
0
0
0
0
0
0
0
0
0
0
0
0
0
0
0
0
0
0
0
0
0
0
0
0
0
0
0
0
0
0
0
0
0
0
0
0
0
0
0
0
0
0
0
0
0
0
0
0
0
0
0
0
0
0
0
0
0
26
89
102
102
100
103
102
101
102
101
103
101
102
102
101
102
101
103
100
103
101
102
103
101
103
101
102
102
101
103
101
103
102
102
102
101
103
102
102
103
100
103
101
102
103
100
103
102
101
103
101
103
100
103
102
101
103
100
103
102
100
103
101
101
102
100
99
84
84
78
71
71
71
65
57
57
57
57
58
58
58
58
58
58
58
58
58
58
58
58
58
58
58
58
58
58
58
58
58
58
58
58
58
58
58
58
58
58
58
54
43
38
29
29
29
29
29
29
29
29
29
29
29
22
15
15
15
15
15
15
15
15
15
15
15
15
15
15
15
15
15
15
15
15
15
15
15
15
15
15
15
15
15
15
15
15
4
0
0
0
0
0
0
0
0
