104
104
104
104
104
104
104
104
105
104
104
104
104
104
103
104
104
104
104
104
104
104
104
104
104
104
104
104
104
104
103
99
96
87
76
69
55
40
29
23
15
15
15
3
0
0
0
0
0
0
0
0
0
0
0
0
0
0
0
0
0
0
0
0
0
0
0
0
0
0
0
0
0
0
0
0
0
0
0
0
0
0
0
0
0
0
0
0
0
0
0
0
0
0
0
0
0
0
0
0
0
0
0
0
0
0
0
0
0
0
0
0
0
0
0
0
0
0
0
0
0
0
0
25
64
103
104
104
104
104
104
104
104
103
104
104
105
104
104
104
104
104
104
104
105
104
104
104
103
103
104
103
105
103
104
104
103
104
103
104
104
104
104
104
105
104
104
104
104
104
104
104
104
104
104
104
104
104
103
105
105
104
104
104
104
104
104
104
104
104
104
103
98
98
98
98
98
98
98
98
98
98
98
98
98
98
98
97
87
87
87
87
87
87
87
87
87
87
87
87
87
87
87
87
87
87
87
87
87
87
87
87
87
87
87
74
38
19
0
0
0
0
0
0
0
0
0
0
0
0
0
0
0
0
0
0
0
0
0
0
0
0
0
0
0
0
0
0
0
0
0
0
0
0
0
0
1
1
0
0
0
0
0
0
0
0
0
0
