97
98
97
98
98
97
98
98
98
98
99
99
98
99
99
99
99
99
99
99
98
99
99
99
99
98
99
99
99
99
99
99
98
98
98
96
97
96
88
76
51
33
29
23
14
10
1
1
1
1
1
1
1
1
1
1
1
1
1
0
0
0
0
0
0
0
0
0
0
0
0
0
0
0
0
0
1
1
1
0
1
0
1
1
1
1
1
1
1
1
1
1
1
1
1
1
1
1
1
1
1
1
1
1
1
1
1
1
0
0
0
0
0
0
0
0
0
0
0
0
1
0
0
25
90
99
99
99
99
99
99
99
99
99
99
98
98
98
101
101
101
100
100
101
101
100
100
100
100
101
100
100
100
100
99
100
99
100
100
99
99
100
100
100
100
100
99
99
99
99
99
99
99
99
99
99
99
99
100
99
98
100
99
99
99
99
99
98
99
98
90
85
75
71
71
72
72
72
72
59
58
58
58
58
58
58
58
58
58
57
57
57
57
57
57
57
57
57
57
57
57
57
57
57
57
57
57
57
57
57
57
57
57
57
57
57
57
57
57
57
57
57
57
57
56
43
43
43
43
43
43
43
43
43
43
43
43
43
43
43
34
29
29
29
29
22
14
14
14
14
11
1
1
1
0
0
1
1
1
1
1
1
1
1
1
1
1
1
