30
28
7
5
5
5
5
5
5
13
5
8
5
5
5
5
5
5
5
5
5
5
5
5
5
5
5
11
14
7
7
6
5
5
5
5
5
5
5
7
5
5
5
5
5
5
5
5
5
5
5
5
5
5
5
5
5
5
5
5
8
6
5
5
5
5
5
7
5
5
5
5
5
5
5
5
5
5
5
5
5
5
5
5
5
5
5
5
5
5
5
8
8
8
5
7
5
5
5
16
19
6
8
6
5
5
5
5
5
5
5
5
5
5
5
5
5
5
5
5
5
7
5
6
5
5
5
5
5
5
5
5
5
5
5
5
5
5
5
5
5
5
5
5
5
5
5
5
5
8
5
5
5
5
5
5
5
5
5
5
5
5
5
5
5
5
5
5
5
5
5
5
5
9
12
12
12
12
6
5
5
5
5
5
5
5
5
5
5
5
6
5
6
5
5
5
5
5
5
5
5
6
6
5
6
8
5
5
5
5
6
5
5
5
5
5
5
6
6
7
6
6
6
8
9
6
6
6
6
6
6
6
6
8
6
6
6
7
6
5
6
5
6
6
6
6
7
5
5
5
6
9
6
6
6
7
8
8
6
6
6
7
6
6
8
7
6
6
6
8
8
8
19
17
13
14
9
9
10
8
7
8
9
8
8
8
8
8
