15
15
15
16
16
15
15
15
15
15
15
15
15
15
15
16
16
16
15
15
15
15
15
15
15
15
15
16
19
15
15
15
15
15
15
15
15
15
16
16
15
15
15
15
15
15
15
15
15
15
15
16
15
15
15
15
15
15
15
15
16
15
15
16
15
15
15
15
16
15
15
16
15
15
15
16
19
15
16
15
15
15
15
15
15
15
15
15
15
15
15
15
15
15
15
15
15
15
15
17
15
15
16
16
15
15
16
15
15
15
15
16
15
15
15
15
16
15
15
15
16
15
16
16
15
15
15
15
15
15
15
15
15
15
15
16
20
20
19
19
19
19
20
20
20
20
20
20
20
21
19
20
20
19
20
19
19
20
21
19
15
15
15
15
15
15
15
15
15
15
15
15
15
15
15
15
15
15
15
15
15
15
15
15
15
15
15
15
15
15
15
15
15
15
15
15
15
15
15
15
15
15
15
15
15
15
15
15
15
15
15
15
15
15
15
15
15
15
15
15
15
15
15
15
15
15
15
15
15
15
15
16
19
15
15
15
15
15
15
15
15
15
18
18
15
16
15
18
17
16
15
15
19
19
15
15
15
15
15
15
15
15
15
15
15
15
15
15
15
15
15
15
15
15
15
15
15
15
15
15
15
15
15
15
15
15
15
15
