9
8
8
9
9
9
9
9
8
8
8
8
8
8
8
9
8
9
8
8
8
9
8
8
8
8
8
8
9
9
9
8
8
8
8
8
8
8
8
9
8
9
9
8
8
9
8
8
9
8
9
8
9
9
9
9
8
9
8
7
8
9
9
9
9
8
8
8
7
8
8
8
8
7
8
8
10
16
8
11
31
30
8
8
8
7
7
8
7
8
8
8
8
7
9
7
7
8
8
8
9
12
7
16
47
47
14
7
9
9
8
7
6
9
9
7
8
8
8
7
8
7
7
8
8
9
9
8
8
8
8
7
8
8
8
8
8
8
7
7
8
7
7
7
8
7
9
8
7
8
8
7
8
7
7
8
7
8
7
8
9
9
9
9
9
8
11
9
9
8
9
9
13
37
40
9
8
8
8
8
8
8
8
9
9
8
9
9
8
7
8
8
8
8
7
8
9
8
9
8
8
9
9
8
9
8
7
9
8
9
9
8
8
8
8
8
7
7
8
8
9
8
8
8
8
7
8
7
8
8
8
9
9
8
8
8
8
9
8
8
9
8
8
9
8
8
8
9
8
8
9
8
9
8
9
9
8
8
9
8
8
8
8
8
9
8
8
9
9
9
8
8
8
9
7
8
9
9
8
7
7
8
7
7
8
8
7
7
