0
0
0
0
1
1
0
0
0
0
0
0
0
0
0
0
0
1
0
0
1
0
0
1
0
0
0
0
1
1
0
0
1
0
0
0
0
0
0
0
1
1
0
0
0
0
0
1
0
0
0
0
1
1
0
0
0
0
0
1
0
0
0
0
0
1
0
0
0
0
0
0
0
0
0
0
0
1
0
0
0
0
0
0
0
0
0
0
0
1
0
0
0
0
0
0
0
0
0
0
0
1
0
0
1
0
1
1
2
1
0
0
0
1
0
0
0
0
0
0
0
0
0
0
0
1
1
1
1
1
2
2
2
2
2
1
1
1
1
1
1
2
4
4
3
3
4
2
8
2
1
2
1
1
1
1
1
1
1
1
1
1
1
1
1
1
1
1
1
1
0
0
0
0
0
0
0
0
0
0
0
0
0
0
0
1
0
0
0
0
0
0
0
0
0
0
0
0
0
0
0
0
0
0
0
0
0
0
0
0
0
0
0
1
0
1
1
70
117
112
106
118
118
117
114
117
118
116
113
115
90
83
84
86
82
34
1
1
1
1
2
4
4
10
10
4
3
3
8
3
3
4
4
7
3
4
4
4
4
4
4
4
4
4
4
4
5
4
4
4
3
3
3
3
3
3
3
3
12
5
4
4
4
3
3
14
7
9
