1
1
1
2
1
1
1
2
1
1
1
2
1
1
1
1
1
1
2
1
1
1
1
2
1
1
1
1
1
1
1
1
2
1
1
2
1
1
1
1
1
2
1
1
2
2
2
2
2
1
1
1
1
1
2
1
1
1
1
2
1
1
1
1
1
1
1
2
1
1
1
2
1
1
1
1
1
1
1
1
1
2
1
2
1
1
1
1
1
1
1
1
1
1
1
2
1
1
1
1
1
1
2
2
1
1
1
2
1
1
1
1
1
1
1
1
1
2
2
2
1
1
1
1
1
1
2
1
1
1
1
2
1
1
1
1
1
1
1
2
1
1
1
2
1
1
1
2
1
2
1
1
2
1
1
2
1
1
1
1
1
1
2
1
2
1
1
2
1
1
1
1
1
1
1
1
1
1
1
2
1
1
1
1
1
1
2
1
2
1
2
2
1
1
1
1
1
1
1
1
2
1
1
2
1
1
1
1
2
2
1
1
1
1
1
2
2
1
1
1
1
1
1
1
2
1
1
2
1
1
2
1
2
8
1
1
1
1
1
2
1
2
2
2
9
2
2
2
7
5
2
2
2
2
2
2
2
2
2
2
2
2
2
2
2
2
2
2
2
2
2
2
2
2
2
2
2
2
2
2
2
2
2
2
2
2
2
2
