3
3
3
5
4
3
4
4
3
4
5
3
3
3
3
5
4
3
4
4
3
4
5
4
3
4
3
5
4
3
4
4
3
4
5
3
3
3
3
15
28
3
4
4
3
4
5
3
3
3
3
5
5
3
4
4
3
5
4
1
1
1
0
2
1
1
1
0
0
1
1
1
1
1
0
2
1
1
1
1
0
1
1
1
1
0
24
57
88
54
10
10
0
1
1
1
1
0
0
1
1
1
1
1
0
3
11
4
2
1
1
9
20
1
1
1
0
3
1
1
1
0
0
1
1
1
1
1
0
1
1
1
1
1
1
1
1
1
1
1
1
1
1
0
1
0
1
1
1
1
1
1
0
1
1
0
1
0
1
2
1
1
1
1
0
1
1
1
1
1
1
1
1
1
1
1
1
1
1
1
1
1
1
23
12
1
1
1
0
1
1
1
1
1
1
2
1
1
1
1
1
1
1
1
1
0
1
1
1
1
1
1
0
1
1
0
1
0
1
2
1
1
1
1
1
1
1
0
1
0
1
24
11
1
1
1
1
2
1
1
1
1
4
2
7
1
3
1
1
2
1
2
1
1
2
2
2
1
1
1
1
4
3
1
1
3
1
2
5
1
1
1
3
3
4
4
4
4
4
23
19
4
4
4
4
5
4
4
