4
14
14
3
0
0
0
0
0
0
5
0
0
0
1
0
0
0
0
0
0
0
0
0
1
0
0
0
0
0
0
0
0
0
0
0
1
0
0
0
0
0
0
0
0
0
0
1
0
0
0
0
0
0
0
0
0
1
0
0
0
0
0
0
0
0
0
1
0
0
0
0
0
0
3
1
0
0
2
0
0
0
0
0
0
0
0
0
2
3
0
0
0
0
0
0
0
0
0
0
0
1
5
0
0
0
0
0
0
0
0
1
0
0
0
0
0
0
0
0
0
0
1
0
0
0
0
0
0
4
0
0
0
1
0
0
0
0
0
0
0
0
0
0
0
1
0
0
0
0
0
0
0
0
0
0
1
0
0
0
0
0
0
0
0
0
0
0
1
0
0
0
0
0
1
2
2
3
2
4
2
1
0
3
0
4
1
1
1
1
2
1
1
1
1
2
5
4
4
3
3
4
5
4
4
5
6
16
10
5
7
12
17
16
10
15
13
15
18
17
24
24
18
20
19
16
13
19
15
17
15
12
17
17
20
16
15
19
19
20
17
21
22
21
22
25
23
17
18
17
21
20
14
17
13
13
15
17
21
18
20
19
17
16
20
19
24
15
16
20
15
16
14
16
21
18
15
12
16
15
21
12
15
20
20
20
19
20
