0
22
84
85
85
85
85
85
84
58
4
0
0
78
85
85
85
85
86
85
70
4
0
2
83
85
86
86
86
86
86
75
22
0
0
39
86
86
86
86
86
86
7
0
0
72
86
86
86
86
86
53
2
0
17
86
86
86
86
86
82
3
0
0
56
86
86
86
86
86
84
14
0
0
76
86
86
86
78
85
49
1
1
34
86
86
86
86
86
86
11
0
0
69
87
86
86
86
86
47
0
0
1
81
87
86
86
86
86
46
0
0
31
87
87
86
86
86
85
23
0
0
53
81
85
84
85
86
75
3
0
26
84
85
85
85
85
85
31
0
2
82
85
85
85
85
85
55
2
0
35
85
85
85
85
85
84
5
0
0
64
85
85
85
85
85
70
3
0
16
85
85
85
85
85
85
48
0
0
69
85
85
85
85
85
45
0
0
42
85
85
85
85
82
19
0
21
85
85
85
85
85
23
0
0
70
85
85
85
86
66
2
0
9
86
86
80
1
47
39
51
34
54
33
54
35
50
39
47
44
41
48
9
0
0
0
1
0
2
51
7
12
1
27
31
43
42
49
36
54
33
53
37
47
47
36
46
35
50
36
54
34
54
34
51
41
44
47
39
52
35
53
31
54
33
53
31
44
41
50
36
55
29
48
37
48
37
53
