1
8
57
57
57
57
57
57
57
52
2
1
1
45
57
57
57
57
57
57
57
36
1
1
50
57
57
57
55
57
58
58
22
0
0
19
58
58
58
58
58
45
0
0
0
42
58
58
58
58
58
28
0
0
5
57
58
58
58
58
58
21
0
0
30
58
58
58
58
58
46
0
0
0
43
58
58
58
58
58
34
0
0
16
58
58
58
58
58
54
8
0
0
39
58
58
58
58
58
36
0
0
0
48
58
58
58
58
58
54
0
0
14
58
58
58
58
58
58
6
0
0
28
56
53
56
55
56
56
14
1
11
56
56
56
56
57
57
35
6
1
48
56
56
56
56
57
41
1
1
16
57
57
57
57
57
57
35
1
1
56
56
56
56
56
56
56
9
1
4
56
56
56
56
56
56
47
1
1
39
57
57
57
57
57
41
1
1
21
57
57
56
57
57
21
1
7
57
57
57
57
57
36
1
1
40
57
55
57
58
50
1
0
2
55
58
54
1
1
1
0
1
56
104
103
103
103
103
103
102
101
100
97
100
102
103
102
102
102
102
102
102
101
103
102
97
30
8
100
103
103
103
103
103
103
103
103
103
103
101
102
103
104
104
104
104
104
104
104
104
104
100
104
101
73
7
15
21
41
51
42
0
0
2
33
40
24
29
