0
8
29
29
29
29
29
29
29
16
0
0
0
26
29
29
29
29
29
29
29
2
0
1
28
29
29
29
29
29
29
24
0
0
0
13
29
29
29
29
29
29
7
0
0
25
29
29
29
29
29
12
0
0
4
29
29
29
29
29
29
22
0
0
17
29
29
29
29
29
20
0
0
0
24
29
29
29
29
29
29
2
0
10
29
29
29
29
29
28
1
0
0
21
29
29
29
29
29
24
1
0
0
26
29
29
29
29
29
9
0
0
10
29
29
29
29
29
29
7
0
0
18
29
29
29
29
29
17
0
0
9
29
29
29
29
29
29
12
0
1
28
29
29
29
29
29
13
0
0
12
29
29
29
29
29
29
2
0
0
22
29
29
29
29
29
22
0
0
5
29
29
29
29
29
29
7
0
0
23
29
29
29
29
29
11
0
0
14
29
29
29
29
29
2
0
7
29
29
29
29
24
0
0
0
24
29
29
29
29
19
0
0
3
29
29
27
0
0
0
0
0
57
103
103
103
104
102
104
103
104
102
104
103
104
103
104
103
103
103
103
103
103
104
102
49
1
8
100
102
103
102
104
103
104
103
103
103
103
103
103
104
103
104
102
103
103
103
102
103
103
103
103
98
34
1
36
1
46
57
42
0
0
10
27
42
51
58
