0
6
29
29
29
29
29
29
29
8
0
0
0
25
29
29
29
29
29
29
28
1
0
0
27
29
29
29
29
29
29
29
3
0
0
11
29
29
29
29
29
24
0
0
0
22
29
29
29
29
29
25
0
0
4
29
29
29
29
29
29
8
0
0
17
29
29
29
29
29
18
0
0
0
24
28
29
29
29
25
0
0
10
29
29
29
29
29
29
2
0
0
21
29
29
29
29
29
29
0
0
0
28
29
29
29
29
29
5
0
0
11
29
29
29
29
29
29
19
0
0
18
29
29
29
29
29
14
0
0
9
29
29
29
29
29
29
6
0
1
28
29
29
29
29
29
12
0
0
12
29
29
29
29
29
29
5
0
0
22
29
29
29
29
29
14
0
0
5
29
29
29
29
29
29
8
0
0
23
29
29
29
29
29
16
0
0
14
29
29
29
29
24
0
0
7
29
29
29
29
29
5
0
0
24
29
29
29
29
18
0
0
3
29
29
27
0
0
0
0
0
58
104
104
103
104
103
104
104
105
103
104
104
104
104
104
104
104
104
103
104
103
102
101
42
0
8
101
104
104
104
104
104
104
104
104
103
104
104
104
104
103
103
104
103
103
104
104
104
104
103
103
102
20
0
36
1
44
29
21
0
0
10
27
42
0
0
24
