0
16
86
87
86
86
86
86
86
67
2
0
0
73
86
87
86
86
86
86
86
16
0
0
80
87
87
86
86
86
86
78
11
0
0
33
87
87
86
86
86
79
1
0
0
67
87
86
86
86
86
53
0
0
11
87
87
86
86
86
87
26
0
0
50
87
87
86
86
86
73
1
0
0
70
87
86
86
86
86
49
0
0
28
87
87
86
86
86
87
32
0
0
63
87
86
86
86
86
57
0
0
0
81
87
86
86
86
86
36
0
0
31
87
87
86
86
86
83
10
0
0
53
87
87
86
86
86
76
9
0
25
87
86
86
86
86
84
27
0
1
83
87
86
86
86
86
52
0
0
35
86
87
86
86
86
69
0
0
0
65
87
86
86
87
87
68
10
0
15
87
87
86
86
86
86
38
0
0
69
87
86
86
86
86
42
0
0
41
87
86
86
86
84
4
0
21
87
87
86
86
86
19
0
0
71
87
86
86
86
76
1
0
8
87
87
81
1
0
0
0
0
0
0
0
19
102
103
103
103
103
104
103
103
103
103
103
104
103
103
103
102
34
0
0
24
103
103
103
103
103
103
103
104
104
103
103
103
104
103
103
103
68
8
1
88
104
104
104
103
104
104
103
103
104
104
102
103
103
104
99
8
0
0
29
103
41
0
