21
103
103
103
104
104
103
104
103
92
12
0
89
104
103
103
103
104
102
104
103
51
0
95
104
102
104
103
103
103
104
102
36
0
40
104
104
102
104
104
104
97
22
0
80
104
104
104
104
103
104
51
0
14
104
103
103
104
104
103
100
20
0
66
104
104
103
104
103
104
94
11
0
84
103
104
103
104
104
103
67
0
35
104
104
103
104
102
103
102
20
0
84
104
103
103
104
104
103
86
21
1
97
104
103
103
104
104
104
47
0
37
104
104
104
103
104
103
100
22
0
63
103
103
104
104
104
104
95
10
31
104
104
103
103
104
103
102
44
1
100
103
104
103
104
103
104
72
1
43
104
104
103
104
103
104
101
26
0
78
103
104
103
103
104
104
92
2
19
103
103
103
104
104
103
103
37
0
84
104
102
103
103
104
104
43
0
50
104
104
103
103
104
80
1
26
103
103
104
103
104
104
28
0
85
104
103
104
103
104
50
0
11
103
104
97
0
0
0
0
0
0
0
0
20
103
103
104
102
104
103
103
103
104
104
104
104
103
104
103
103
41
0
0
25
104
103
103
104
103
104
104
104
102
104
103
104
104
103
104
103
64
0
1
89
104
103
103
104
104
104
104
104
104
104
103
103
103
103
102
23
0
0
29
104
41
0
24
