6
6
6
4
4
4
6
7
4
4
6
4
4
5
7
4
4
4
6
6
7
4
4
4
4
5
8
4
4
4
4
6
8
8
4
4
5
7
9
4
4
4
4
4
4
4
4
5
9
7
9
8
9
8
4
4
4
4
4
4
9
5
7
4
4
4
6
8
4
4
4
4
4
5
6
4
5
4
4
4
7
8
5
7
5
5
8
7
4
6
4
4
4
4
4
5
4
5
8
4
4
4
6
4
4
4
4
4
6
7
6
4
7
4
4
9
7
4
4
4
4
4
6
4
4
4
4
4
4
4
4
4
7
11
8
5
4
5
4
5
4
4
4
5
4
5
8
4
4
8
9
4
4
4
4
4
4
4
6
5
6
4
4
4
4
4
4
4
4
4
6
4
4
4
4
4
4
4
4
4
5
10
10
4
4
4
4
4
6
4
4
4
4
7
9
9
8
6
4
5
4
4
4
4
4
4
7
4
4
4
4
4
4
4
4
4
4
4
6
4
4
4
7
6
5
7
7
4
4
6
10
10
9
8
7
8
7
9
7
7
9
7
7
4
4
9
9
8
5
4
4
4
4
7
6
5
4
6
4
5
7
6
4
5
31
38
37
36
37
36
35
38
35
38
48
53
9
6
6
5
6
5
4
5
4
7
4
5
