3
3
5
3
3
3
3
3
3
3
3
3
3
4
8
3
3
3
3
3
3
3
3
3
3
7
7
3
3
3
3
3
3
3
3
3
3
3
7
4
3
4
4
4
4
4
4
4
4
4
7
3
3
4
7
5
3
3
3
3
3
4
8
3
3
3
3
4
3
3
4
4
3
4
7
10
3
3
4
6
3
3
3
3
4
6
6
3
3
3
3
3
5
5
3
3
3
3
5
3
3
3
3
3
3
3
3
3
3
4
5
3
7
6
3
3
3
3
3
3
3
5
8
3
3
3
3
3
3
3
3
3
3
3
6
3
3
3
3
3
3
3
2
3
5
4
5
3
3
3
3
3
2
3
3
3
3
6
6
3
3
3
3
3
3
3
3
3
5
3
6
3
3
3
3
3
3
3
3
3
3
3
5
3
3
3
3
3
2
3
3
3
3
3
5
3
3
3
3
3
3
3
3
3
3
4
5
3
3
3
3
3
3
3
3
3
3
4
5
3
3
4
3
4
4
6
6
3
3
4
9
7
6
6
8
8
6
6
6
6
6
6
5
4
3
3
3
6
3
3
3
5
12
3
6
4
3
5
3
3
6
3
3
3
4
24
34
33
32
32
33
33
34
33
35
38
47
8
7
3
3
3
3
3
3
3
3
3
