16
82
82
82
82
82
82
82
36
0
0
0
70
82
82
82
82
82
82
42
0
0
0
76
82
82
82
82
82
82
60
0
0
0
32
82
82
82
82
82
53
4
0
0
63
82
82
82
82
82
23
0
0
11
82
82
82
82
82
63
1
0
0
48
82
82
82
82
82
25
0
0
0
67
82
82
82
82
82
27
0
0
28
82
82
82
82
82
52
0
0
0
60
82
82
82
82
82
43
0
0
0
73
82
82
82
82
68
1
0
0
29
82
82
82
82
82
60
2
0
0
50
82
82
82
82
82
39
0
0
24
82
82
82
82
82
62
0
0
1
79
82
82
82
82
75
27
0
0
33
82
82
82
82
82
66
3
0
0
61
82
82
82
82
81
31
0
0
15
82
82
82
82
82
58
5
0
0
66
82
82
82
82
77
16
0
0
40
82
82
82
82
58
0
0
20
82
82
82
82
61
0
0
0
82
82
82
82
81
21
0
0
8
82
82
77
0
0
0
0
0
0
0
0
0
0
0
0
0
0
0
0
0
0
0
0
0
0
0
0
0
0
0
0
35
92
93
60
93
93
93
93
93
91
5
0
19
94
94
93
94
95
95
95
93
33
8
0
0
0
19
59
85
23
0
32
1
39
0
0
0
0
9
22
35
0
0
0
