0
5
28
28
28
28
27
28
26
1
0
0
0
23
27
27
28
28
27
27
24
0
0
0
26
28
27
27
27
27
28
27
2
0
0
11
28
28
28
27
28
12
0
0
0
21
28
28
28
27
25
0
1
0
4
28
27
27
27
27
27
3
0
0
16
27
27
27
27
28
10
0
0
0
22
28
28
28
27
28
11
0
0
9
27
27
28
27
27
16
0
0
0
20
28
27
27
27
27
2
0
0
0
26
27
27
27
28
27
11
0
0
10
28
28
27
28
28
18
0
0
0
17
27
27
27
27
27
4
0
0
8
28
27
27
27
27
27
4
0
1
26
27
28
27
28
27
12
0
0
11
27
27
27
27
27
21
0
0
0
21
27
27
27
27
27
13
0
0
5
28
28
28
28
27
26
0
0
0
22
28
27
27
27
27
3
0
0
14
28
28
27
27
9
0
0
7
28
27
27
27
27
1
0
0
22
27
27
28
27
18
0
0
3
28
27
26
0
0
0
0
0
1
0
0
0
0
0
0
0
0
0
0
0
0
0
0
0
0
0
0
0
0
0
0
36
96
96
62
96
96
96
96
96
49
0
0
19
96
96
96
96
96
95
95
95
55
0
0
0
0
0
0
0
0
0
0
44
71
95
84
55
55
64
95
95
93
26
