92
92
92
92
91
92
91
91
92
91
91
91
91
91
91
91
92
91
92
91
91
91
91
91
91
91
91
92
91
91
91
91
91
91
90
92
91
92
91
92
91
91
91
91
91
91
92
91
92
92
92
91
91
91
92
92
92
92
91
91
91
92
91
92
92
92
91
91
92
92
91
91
91
92
92
91
91
91
92
92
92
92
90
92
92
92
92
91
91
91
91
91
91
91
91
92
92
91
92
91
91
91
91
91
91
91
91
91
91
92
92
92
92
91
92
91
92
92
91
92
91
91
91
91
92
92
92
91
91
92
90
91
91
91
91
91
91
91
91
91
91
91
91
91
92
91
91
91
91
92
92
91
91
91
91
92
92
91
91
91
92
91
91
92
91
91
91
91
91
91
92
91
92
91
92
91
91
92
92
91
91
92
91
91
91
92
92
90
92
91
92
91
91
91
91
92
92
91
91
91
92
92
92
92
92
92
91
91
92
92
92
91
92
92
92
38
20
19
17
14
19
46
23
18
32
42
54
19
45
21
19
48
44
32
33
60
61
33
41
36
48
18
19
68
87
83
40
56
28
18
21
25
17
14
18
24
70
57
18
15
18
20
18
58
66
19
16
57
69
22
18
27
23
24
22
56
74
68
49
18
17
20
84
86
62
37
20
42
