5
5
4
6
4
5
5
5
6
5
5
5
5
5
4
5
4
6
5
5
6
4
6
6
6
5
5
5
4
5
6
5
6
5
5
4
5
5
4
5
4
6
4
5
5
3
5
5
6
5
5
5
4
5
4
5
5
5
5
4
6
4
5
5
5
5
4
6
5
5
5
5
5
4
5
5
5
5
4
6
5
5
5
5
5
4
6
5
5
5
5
5
5
6
5
5
5
4
4
4
6
4
7
5
5
7
4
6
5
9
5
5
5
2
5
5
6
5
5
5
4
5
5
5
5
4
6
4
5
5
5
5
4
11
4
6
5
5
5
5
6
5
5
5
4
6
4
7
5
5
5
5
6
5
5
5
5
5
5
5
5
5
5
4
6
5
6
5
5
5
4
6
5
5
5
5
6
5
5
5
5
5
4
6
4
5
5
5
6
5
6
4
5
6
5
5
5
6
5
5
6
4
6
4
5
5
5
5
4
6
5
5
5
5
6
4
6
4
5
5
5
6
4
5
5
5
5
5
6
4
5
5
5
5
4
5
5
6
5
5
6
4
5
5
5
5
5
6
5
5
5
5
5
4
6
5
5
5
5
5
5
6
5
5
5
4
6
4
5
5
5
6
5
6
4
5
5
5
5
4
5
5
5
6
5
6
4
5
