22
16
16
16
20
15
16
16
16
16
16
16
16
16
17
18
17
17
17
16
23
18
17
18
17
17
17
17
18
17
17
17
17
17
19
17
17
17
17
17
17
17
18
17
17
17
17
18
17
17
18
17
20
18
17
17
17
17
18
17
19
17
17
18
17
15
16
16
16
15
15
16
15
16
15
16
17
17
17
17
17
17
18
17
17
17
17
17
17
16
17
16
16
16
16
17
16
16
16
16
17
21
16
17
16
16
16
16
16
17
16
17
16
16
16
16
16
17
16
16
15
17
17
17
17
16
15
17
15
15
16
15
15
15
15
16
16
17
17
17
16
17
17
18
17
16
17
17
17
34
18
17
16
17
16
16
18
17
17
18
17
17
17
17
18
17
17
17
17
18
17
17
16
17
17
17
17
18
16
17
16
17
17
17
17
17
17
17
16
16
18
17
16
17
17
18
17
17
16
17
16
16
16
18
16
17
16
17
17
17
17
16
16
16
16
17
16
17
16
17
16
17
17
16
17
17
16
16
16
17
17
17
16
17
17
17
16
17
16
17
16
16
17
17
16
16
16
17
17
16
16
16
16
16
16
17
16
16
17
16
17
16
17
16
15
17
16
17
18
16
16
17
16
17
16
17
17
17
16
17
16
17
16
16
16
16
17
17
