5
4
5
7
7
7
5
4
4
4
4
4
4
4
4
4
5
4
7
4
5
5
6
5
5
4
7
9
8
5
4
4
5
5
4
4
8
6
10
7
5
8
5
4
5
5
5
4
5
4
4
4
4
4
5
6
5
4
4
4
7
5
4
4
4
4
4
6
5
9
8
4
5
4
7
5
11
6
4
6
4
4
5
4
7
4
6
4
8
5
4
6
4
4
5
4
5
4
4
5
11
9
8
4
4
5
5
6
5
4
6
4
5
4
4
4
4
4
5
6
5
5
7
4
6
8
5
4
5
5
5
7
4
4
5
4
5
7
7
7
7
5
5
6
7
4
5
5
7
8
7
6
9
5
5
4
5
4
7
5
7
6
5
6
8
4
4
4
5
4
5
4
8
6
5
5
12
13
13
5
5
4
5
4
5
5
4
4
7
5
8
4
5
4
5
4
4
4
6
6
5
4
8
9
5
5
6
5
5
9
5
5
5
4
6
5
5
4
4
5
5
4
4
4
4
4
5
5
5
4
5
6
9
12
7
7
8
5
5
4
9
6
6
9
13
9
9
5
8
7
5
6
12
12
12
10
9
8
6
6
5
15
15
11
13
15
16
9
7
6
6
8
6
9
16
9
7
8
6
7
9
10
10
9
6
8
8
7
