1
1
1
1
1
1
1
1
1
1
1
1
1
1
2
2
2
2
2
2
2
2
2
2
2
2
2
2
2
2
2
2
2
2
2
2
2
2
2
2
2
2
2
2
2
2
2
2
2
2
2
2
2
2
2
2
2
2
2
2
2
2
2
2
1
2
1
1
2
2
1
2
2
2
2
2
2
2
2
1
2
2
2
2
2
2
2
2
1
1
2
1
2
2
2
2
2
2
4
3
2
2
2
2
2
2
5
2
2
2
2
2
2
2
2
2
2
2
2
2
2
2
2
2
2
1
6
7
2
2
2
2
2
2
1
1
1
1
1
1
1
1
1
1
1
1
1
1
1
1
1
1
1
1
1
1
1
1
1
1
1
1
1
1
2
1
1
1
1
1
1
1
1
1
1
1
1
1
1
1
1
1
1
1
1
1
1
1
1
1
1
1
1
1
4
1
1
1
1
1
1
2
1
1
1
1
2
2
2
1
2
2
1
3
2
2
11
8
5
4
4
4
4
4
3
4
2
2
2
3
5
8
8
4
2
2
7
4
2
2
2
2
6
5
8
11
5
2
10
8
3
2
1
2
1
2
5
2
2
3
3
2
2
4
6
4
2
5
11
3
4
4
3
5
7
4
2
2
1
1
1
13
1
1
2
2
6
3
