1
1
1
2
1
1
1
1
1
1
1
2
1
1
1
2
1
1
1
1
1
1
1
1
1
1
1
1
1
1
1
1
2
1
1
2
1
1
1
1
1
1
1
1
1
1
1
2
1
1
1
2
1
1
1
1
1
1
2
2
1
1
1
1
2
1
2
1
1
1
1
2
1
1
1
2
1
1
1
1
4
4
3
3
3
3
3
3
3
3
3
3
3
3
3
3
3
3
6
3
3
3
3
3
3
3
6
3
4
3
3
3
3
3
3
3
3
3
3
3
3
5
5
3
3
3
3
3
3
3
3
3
3
3
3
3
3
3
3
3
3
3
3
3
3
3
3
3
3
3
3
3
3
3
3
3
3
3
3
3
3
3
3
3
3
3
3
3
3
3
3
3
3
3
3
3
3
3
3
3
3
3
3
3
3
3
3
3
3
3
3
3
3
3
4
4
4
4
4
4
4
4
4
5
4
4
4
7
12
6
15
4
5
7
4
6
4
4
4
5
8
4
5
6
3
2
2
2
2
2
2
26
23
30
19
34
5
4
11
5
3
14
20
17
11
6
18
7
5
3
3
3
3
3
3
3
3
3
3
3
3
4
25
19
12
2
2
2
3
3
3
3
3
3
2
3
3
2
8
19
7
3
16
8
4
3
3
19
