0
0
0
0
0
0
0
0
0
0
0
0
0
1
0
0
1
0
0
0
0
0
0
0
0
0
0
0
0
0
0
0
0
0
0
1
0
0
0
0
1
0
63
54
43
70
77
70
71
72
79
72
68
47
65
73
94
94
86
87
67
64
83
95
83
88
87
87
98
97
88
95
96
72
97
61
0
0
0
0
0
0
0
1
0
0
0
0
0
0
0
0
0
0
0
0
0
0
0
0
1
3
0
1
3
0
0
0
0
0
0
0
0
0
0
0
0
0
0
0
0
0
0
0
0
0
0
0
0
0
0
1
0
0
0
0
0
0
0
0
0
0
0
0
0
0
0
0
0
0
0
0
0
0
0
0
0
0
0
0
0
0
0
0
0
0
0
0
0
0
0
0
0
0
0
0
0
0
0
0
0
0
0
0
0
0
0
0
0
0
0
0
0
0
0
0
0
0
0
0
0
0
0
2
0
0
0
0
0
0
0
2
1
0
0
0
0
0
1
0
0
0
0
0
0
0
0
1
1
0
0
2
2
2
2
2
2
2
2
2
2
2
2
2
3
3
4
3
3
3
3
3
3
3
2
2
2
2
1
2
1
1
2
6
1
2
2
2
2
2
2
3
2
6
5
3
4
4
6
2
4
2
8
2
2
2
2
2
