6
19
8
1
1
1
1
1
1
1
4
3
2
2
2
2
2
1
1
1
1
1
4
1
1
5
1
1
1
1
1
1
1
1
1
1
1
1
1
1
1
1
1
1
1
1
1
1
1
1
1
1
1
1
1
1
1
1
1
1
1
1
1
1
1
1
1
1
1
1
1
1
1
1
1
1
1
1
1
1
1
1
1
1
1
1
1
1
1
1
1
1
1
1
1
1
1
1
1
1
1
1
1
1
1
1
1
1
1
1
1
1
1
1
1
1
1
1
1
1
1
4
1
1
2
1
1
1
1
1
1
1
1
1
1
1
1
1
1
1
1
1
1
1
1
1
1
1
1
1
1
1
1
1
1
1
1
1
1
1
1
1
1
4
4
4
3
3
3
5
4
2
3
3
4
5
5
6
4
4
2
2
2
2
2
2
3
2
2
2
2
1
1
2
2
2
1
2
5
6
3
6
9
4
7
5
5
6
7
12
5
7
7
11
13
9
13
10
9
7
8
8
12
12
10
7
6
7
7
17
10
8
8
6
11
9
6
10
9
6
7
10
7
11
11
11
13
10
18
15
19
21
17
17
16
20
19
14
16
19
21
16
13
18
13
16
18
16
20
18
15
16
20
15
23
18
15
19
16
13
15
16
14
16
14
15
15
15
