2
2
2
18
15
2
2
2
2
2
2
2
2
2
2
17
13
2
2
2
2
2
2
2
2
2
2
6
2
2
2
2
1
2
2
1
2
1
1
5
2
2
2
2
1
2
1
1
1
1
1
5
2
2
2
2
2
2
1
1
1
1
1
17
13
3
2
2
1
2
1
1
1
2
2
6
2
2
2
2
2
2
1
2
2
1
1
5
2
2
2
2
1
2
1
2
2
2
2
5
2
2
2
2
2
2
2
1
2
1
1
5
1
2
2
2
1
2
1
2
2
2
2
5
2
2
2
1
2
2
1
1
1
2
2
5
1
2
2
2
2
2
1
1
1
1
1
5
2
2
2
2
1
2
1
1
1
1
1
4
1
1
2
1
1
2
1
1
1
2
1
5
1
2
2
2
2
2
2
1
2
2
2
5
2
2
2
2
2
2
2
1
2
2
2
5
2
2
2
2
2
2
2
2
2
2
2
5
2
2
2
2
2
2
2
2
2
2
2
5
2
2
2
2
2
2
2
2
2
2
2
5
2
2
2
2
2
2
2
2
2
2
2
5
2
2
2
2
2
2
2
2
2
2
2
5
2
2
2
2
2
2
2
2
2
2
2
5
2
2
2
2
2
2
2
2
2
2
2
5
2
2
2
2
2
2
2
2
