2
2
2
2
2
2
2
2
2
2
2
2
2
2
2
2
2
2
2
2
2
2
2
2
2
2
2
2
2
2
2
2
2
2
2
2
2
2
2
2
2
2
2
2
2
2
2
2
2
2
2
2
2
2
2
2
2
2
2
2
2
2
2
2
2
2
2
2
2
2
2
2
2
2
2
2
2
2
2
2
2
2
2
2
2
2
3
2
2
2
2
2
2
2
2
3
2
2
2
2
2
2
2
2
2
2
2
2
2
2
2
2
2
2
2
2
2
2
2
2
4
2
2
2
4
2
2
2
2
2
2
2
2
2
2
2
2
2
2
2
2
2
2
2
5
2
2
2
2
2
2
3
2
2
2
2
2
2
2
2
2
2
2
2
2
2
2
2
2
2
2
2
2
2
2
2
2
2
2
2
2
2
2
2
2
2
2
3
2
3
2
2
2
2
7
3
2
2
2
2
4
2
3
3
2
3
3
3
3
3
4
10
21
19
18
20
20
23
29
20
16
16
18
18
17
22
17
19
16
14
16
17
14
16
15
14
16
13
12
11
11
23
15
15
13
16
15
11
13
23
17
15
12
12
14
12
13
14
12
15
15
15
11
17
13
15
13
12
14
13
18
15
16
13
11
13
13
15
11
10
13
19
16
14
16
15
13
17
