4
2
2
3
2
2
2
2
2
2
2
2
2
2
2
2
2
2
2
3
1
3
2
20
21
15
31
30
33
31
31
31
31
31
31
31
31
31
31
31
31
31
31
30
31
31
31
31
31
31
31
31
31
31
31
31
30
30
31
31
30
30
30
30
31
31
30
30
30
30
30
30
30
26
27
27
21
8
9
6
6
6
6
6
6
6
6
6
9
29
31
25
27
29
11
9
9
9
9
8
8
9
9
8
8
8
9
8
8
10
3
2
2
2
2
2
2
2
2
2
2
2
2
2
2
2
2
2
2
2
2
2
2
5
26
23
31
31
31
31
31
31
31
32
31
30
31
31
31
32
32
32
32
31
32
32
31
31
32
31
32
32
32
32
31
32
32
32
32
32
33
32
32
33
32
32
32
32
33
33
33
32
34
35
33
32
33
33
35
30
20
27
20
14
11
11
12
11
10
9
11
13
10
7
2
4
4
4
4
3
2
4
3
2
4
2
4
3
4
3
3
2
3
3
2
2
3
3
3
2
3
2
3
2
3
3
4
2
4
3
6
3
3
3
4
3
4
3
5
4
2
3
4
3
3
2
2
2
2
2
4
3
5
2
3
2
4
3
2
2
3
2
3
3
3
3
2
2
2
3
3
2
2
2
2
2
2
2
