1
1
1
1
1
1
1
1
1
1
1
2
1
1
1
1
1
1
1
1
1
1
1
1
1
1
1
1
1
1
1
1
1
1
1
1
1
1
1
1
2
2
2
1
2
1
1
1
2
1
1
1
2
1
1
1
1
1
1
1
1
1
1
1
1
1
1
1
1
1
1
1
1
1
1
1
1
1
1
1
1
1
1
1
1
1
1
1
1
2
1
1
1
2
1
1
1
1
1
2
1
2
1
1
1
2
1
1
1
1
1
2
2
3
2
1
3
2
2
4
2
2
3
2
1
18
30
27
28
28
29
28
27
28
15
19
16
17
16
20
20
23
28
23
20
27
26
22
28
24
26
23
4
3
6
2
2
8
5
2
5
5
2
5
4
2
2
1
1
1
1
2
1
1
2
1
1
1
1
2
1
2
1
2
2
2
1
1
1
2
2
2
2
1
1
2
1
2
1
2
1
2
2
1
1
1
1
1
1
1
1
1
1
1
1
1
1
1
1
1
1
2
1
1
1
1
1
1
1
1
1
1
1
2
1
1
1
1
1
2
2
2
2
2
2
2
2
2
2
2
2
2
2
2
2
2
2
2
2
2
2
2
2
2
2
2
2
2
2
2
2
2
2
2
2
2
2
2
2
2
2
2
2
2
2
2
2
2
