18
20
20
25
28
22
29
25
24
17
22
18
26
19
17
18
21
23
23
22
24
25
22
21
21
22
20
17
20
18
17
16
16
21
20
22
19
20
21
20
23
19
24
20
22
21
23
22
23
27
22
23
26
22
23
23
23
20
22
22
22
21
23
26
34
22
23
20
23
35
31
20
21
19
22
24
23
18
19
19
22
21
22
21
20
23
21
21
19
20
34
24
22
29
23
19
21
27
22
20
23
17
20
17
18
17
18
20
17
17
16
20
14
17
16
15
12
13
11
11
16
16
16
17
18
17
18
14
11
13
12
15
14
15
13
16
15
11
13
14
12
10
10
11
13
12
13
11
10
11
10
9
11
11
12
10
12
11
12
11
10
11
11
10
11
12
12
11
11
10
11
12
10
11
11
12
11
10
11
12
14
11
9
10
10
11
14
16
19
12
11
14
14
16
13
14
18
17
15
17
12
15
18
15
16
15
15
19
14
16
17
15
17
16
18
18
16
19
20
22
22
22
29
22
23
32
25
26
23
28
25
26
25
23
24
21
22
19
21
22
24
23
26
24
23
23
26
24
23
25
28
29
29
30
25
20
19
20
26
24
21
23
19
19
26
18
18
19
24
19
20
24
22
24
18
22
25
29
35
36
28
29
26
25
26
25
29
32
