5
5
5
5
5
6
6
4
5
11
17
12
13
16
4
6
4
6
4
4
4
4
4
7
5
5
4
5
7
11
11
10
9
4
10
9
9
9
8
10
12
16
10
12
12
10
11
13
12
11
10
11
11
11
12
10
10
10
10
11
10
10
9
10
12
13
9
9
9
9
10
9
10
11
11
15
14
21
10
12
16
12
13
10
9
11
10
10
11
16
11
17
11
11
12
13
12
13
20
13
11
11
6
4
4
5
6
6
4
5
4
4
6
6
5
4
4
6
5
6
5
5
5
6
7
6
6
4
4
6
5
6
5
4
4
5
5
4
4
4
5
5
4
5
5
5
5
7
6
6
5
5
5
4
6
4
4
4
4
5
5
4
5
4
5
6
5
4
12
5
5
5
6
6
5
5
5
4
4
4
4
3
5
5
5
4
4
4
4
5
4
3
4
4
6
5
6
8
5
4
5
5
4
4
5
3
4
5
5
6
6
5
4
4
5
5
5
4
5
7
7
5
6
5
6
4
4
5
4
4
5
6
11
7
14
4
7
6
6
10
5
5
12
8
14
7
6
6
8
12
4
5
6
4
4
6
5
5
4
4
4
50
36
30
6
10
4
11
7
30
6
6
9
4
9
7
4
5
8
7
10
9
8
7
5
7
5
5
