14
8
6
4
3
4
14
9
6
7
4
8
14
8
6
5
4
3
14
8
6
4
4
4
14
9
6
4
4
6
16
10
8
6
4
7
16
10
8
6
3
8
16
10
8
7
3
8
16
10
8
6
6
8
15
11
7
5
5
6
18
11
8
6
5
6
18
10
7
6
6
6
15
8
6
3
3
3
14
8
5
3
3
3
14
8
6
7
6
8
19
11
8
8
6
8
18
14
8
4
3
3
15
7
4
3
3
4
15
6
9
4
3
3
16
7
6
4
3
3
16
7
6
3
3
3
15
8
5
3
3
5
17
9
9
3
5
6
18
8
10
3
5
6
17
8
10
3
5
6
17
8
8
3
3
4
15
6
6
3
3
3
16
6
6
3
3
4
15
6
6
3
3
4
15
6
6
3
3
4
15
6
6
3
3
4
16
6
6
4
3
4
15
6
6
3
3
4
15
6
6
3
3
4
15
6
6
3
3
4
16
6
8
6
5
6
17
8
8
5
5
6
17
8
8
5
5
6
17
9
6
4
4
8
16
6
6
4
3
4
15
6
6
3
3
4
15
6
6
3
4
4
15
6
6
3
4
4
16
7
6
4
4
4
15
6
6
4
4
4
16
6
6
3
4
4
15
6
6
3
4
4
16
6
5
4
4
4
