22
30
30
30
29
30
32
16
16
17
17
17
20
21
18
22
18
16
18
24
32
29
31
32
30
31
16
31
30
28
31
29
31
30
31
31
33
30
31
32
31
13
29
29
30
32
30
29
32
31
30
29
30
30
32
31
17
30
33
31
31
30
28
29
33
32
34
32
32
32
33
19
33
30
30
32
33
30
31
30
30
30
32
30
31
32
33
30
31
30
32
29
31
14
30
28
31
30
30
30
31
30
32
30
30
32
33
28
12
27
30
38
41
38
41
40
43
37
41
39
37
37
39
36
43
38
38
37
39
38
38
36
37
34
35
38
36
32
37
37
37
35
35
37
37
37
38
34
34
23
36
36
39
39
42
38
35
34
37
37
36
36
41
38
38
41
43
38
37
38
39
36
36
37
41
40
40
39
42
39
42
38
41
40
32
27
30
27
27
28
28
26
28
14
28
27
34
38
40
39
39
38
39
38
40
40
42
38
41
39
40
38
38
39
41
41
43
39
40
42
39
35
41
37
41
44
42
40
42
40
42
41
39
37
36
37
37
40
46
41
41
42
46
47
47
42
49
46
44
45
45
40
43
41
41
42
43
39
41
38
42
40
43
41
44
44
44
39
45
39
41
41
40
42
43
43
44
42
45
45
45
43
42
41
46
44
45
44
