3
1
2
1
1
1
2
2
2
2
2
2
2
2
2
6
2
1
1
1
2
1
1
1
1
1
1
1
1
2
2
2
2
1
2
13
13
1
1
1
3
44
22
13
1
2
3
47
27
1
1
1
3
52
25
1
1
1
3
36
60
54
50
50
12
27
5
1
1
2
2
8
1
2
1
1
3
27
26
22
8
2
3
29
2
2
1
1
3
25
13
2
1
1
3
7
1
1
2
1
3
2
1
1
1
1
1
2
2
1
1
1
2
34
61
76
80
46
40
49
77
69
53
76
87
73
84
74
67
77
38
45
52
39
35
33
16
37
49
55
63
51
52
75
80
83
66
67
69
85
68
59
50
57
53
62
58
48
57
54
63
81
74
75
50
44
46
47
46
61
37
34
33
43
28
28
38
48
43
50
30
30
33
48
51
57
31
25
27
29
39
44
42
46
36
32
31
29
27
22
21
5
2
2
2
2
1
2
2
2
2
1
1
2
1
2
2
1
1
1
1
2
2
1
2
2
1
1
2
1
2
2
3
1
1
1
2
1
2
6
5
5
5
5
5
5
4
5
4
4
4
5
4
5
4
5
5
5
5
4
4
5
5
5
5
5
5
5
4
5
5
5
5
4
4
5
4
5
5
5
5
5
4
5
5
5
5
4
