2
2
2
2
2
2
2
2
2
2
2
2
2
2
3
7
3
2
2
2
2
2
2
2
2
2
2
2
2
2
2
2
2
2
2
2
2
2
2
2
2
2
2
2
2
2
2
2
2
2
2
2
2
40
12
14
26
27
16
29
73
52
2
2
3
52
68
70
22
39
22
2
2
2
2
2
4
67
3
2
2
2
4
66
7
2
2
2
5
44
27
2
2
2
3
62
17
2
2
2
3
31
57
10
2
2
3
34
2
2
2
2
2
56
59
53
69
39
52
80
66
59
60
39
53
50
48
54
50
52
50
49
41
3
2
2
3
6
2
2
2
2
2
2
2
2
2
2
2
2
2
2
2
2
2
2
2
2
2
2
2
2
2
2
2
2
2
2
2
2
2
2
2
2
2
2
2
2
2
2
2
2
2
2
2
2
2
2
2
2
2
2
2
2
2
2
2
2
2
2
2
2
2
2
2
2
2
2
2
2
2
2
2
2
2
2
2
2
2
2
2
2
2
2
2
2
2
2
2
2
2
2
2
2
2
2
2
2
2
2
2
2
2
2
2
2
2
2
2
2
2
2
2
2
2
2
2
2
2
2
2
2
2
2
2
2
2
2
2
2
2
2
2
2
3
2
2
2
2
2
2
2
3
2
2
2
2
2
