44
45
43
45
56
100
81
70
51
56
37
36
37
38
46
45
55
100
92
80
60
65
50
44
42
42
44
46
58
100
87
73
50
61
47
45
46
49
48
50
60
100
92
81
63
70
52
43
42
45
42
44
56
101
73
63
46
59
46
44
43
44
44
43
56
101
75
64
47
59
44
35
41
45
43
43
55
105
70
45
37
55
39
41
48
49
47
48
59
100
83
69
58
63
54
43
41
41
41
41
55
101
85
57
39
58
44
41
49
57
57
51
60
99
85
81
67
73
64
55
53
55
55
56
67
101
93
84
66
71
59
53
54
54
52
54
63
100
93
87
65
68
56
51
50
48
50
49
67
100
100
92
79
77
66
55
55
54
54
53
66
101
87
79
63
67
58
54
53
53
54
54
68
104
69
54
38
58
41
37
37
36
36
40
60
102
62
47
61
82
46
46
42
44
45
47
62
104
70
61
49
65
47
47
56
43
41
41
59
103
72
57
46
63
47
45
45
47
44
47
63
100
81
69
49
64
47
45
46
48
46
50
65
100
81
95
60
66
48
45
47
47
45
46
64
100
79
68
50
65
46
45
45
48
45
47
64
100
84
70
51
72
61
51
51
52
52
54
64
100
90
77
56
66
49
47
48
50
47
50
63
100
88
72
52
67
50
46
