12
12
12
11
11
21
31
31
31
11
11
12
12
11
12
11
11
14
18
12
12
12
12
12
12
12
12
12
12
15
19
11
12
12
12
11
12
11
12
11
12
15
19
12
12
12
12
12
13
12
12
12
12
15
18
12
12
12
12
12
12
11
12
11
11
15
18
11
12
11
12
12
12
11
12
11
12
15
18
12
12
12
12
10
11
10
10
10
10
12
14
11
10
10
11
10
11
11
11
11
12
13
15
11
11
10
10
11
11
10
10
10
10
14
15
11
11
11
12
12
12
12
11
12
11
14
12
11
11
11
11
11
11
12
11
12
11
14
14
19
21
20
20
20
20
20
20
19
13
19
16
13
11
10
11
13
11
11
11
11
11
11
15
12
11
11
12
12
12
11
11
11
10
14
17
11
11
12
11
12
12
12
12
12
12
16
17
12
12
12
12
12
12
12
11
11
12
15
17
11
11
11
11
12
11
11
12
12
12
16
17
12
12
12
12
12
12
12
13
15
15
18
20
16
15
16
15
16
16
17
17
17
16
21
22
16
16
16
16
16
16
16
16
16
15
19
21
16
15
15
15
17
16
16
16
16
16
28
31
37
36
17
15
15
15
16
15
16
15
19
21
15
15
15
14
15
14
15
14
15
14
18
19
14
14
16
15
16
