25
22
20
21
20
33
35
24
22
24
25
34
43
45
47
53
52
49
50
52
45
54
55
53
50
51
51
52
52
54
53
53
50
50
50
63
65
63
57
49
53
31
25
23
23
29
21
22
22
20
21
20
21
25
23
20
20
20
22
24
20
20
25
20
20
24
21
20
19
19
21
20
19
20
20
20
20
29
22
21
20
18
23
23
21
20
24
22
22
23
23
22
20
19
21
23
22
21
18
19
21
19
21
22
20
19
20
24
21
20
21
22
21
26
25
24
19
21
22
22
23
22
20
21
25
26
22
21
21
20
23
21
22
24
21
19
20
22
21
21
21
19
21
20
21
21
22
20
21
32
66
66
64
63
63
65
64
64
65
62
63
63
64
64
63
62
66
65
65
64
66
66
66
69
63
59
60
60
64
64
65
64
65
64
64
65
66
64
61
59
63
43
25
22
22
19
22
22
21
20
21
18
21
19
20
21
21
41
43
22
17
21
23
19
19
19
20
21
21
20
22
26
22
21
21
15
15
15
20
22
23
21
24
22
25
19
20
22
21
21
20
20
22
21
25
21
27
21
23
22
22
22
22
22
27
23
24
37
22
24
26
25
25
29
22
23
19
20
24
18
16
17
20
18
23
21
20
21
18
20
24
24
22
17
30
21
23
25
