3
3
3
3
3
14
20
48
31
3
3
6
4
3
3
3
3
3
4
3
3
3
3
3
3
3
3
3
3
3
3
3
3
3
3
3
3
3
3
3
3
4
4
4
3
4
4
4
4
3
3
3
3
4
3
3
3
3
3
6
3
3
3
3
3
4
4
4
3
3
4
4
4
3
4
3
3
3
3
3
3
3
3
3
3
3
3
3
3
4
3
3
4
3
3
4
3
3
3
3
3
3
3
3
3
3
3
6
3
3
3
4
3
3
3
4
4
3
3
4
3
3
3
3
3
3
3
3
3
4
3
4
4
4
3
4
3
3
3
9
3
3
3
3
3
3
3
3
4
28
3
4
3
3
3
6
3
4
3
4
3
3
3
3
3
3
3
3
3
3
3
3
3
3
3
4
3
3
3
4
3
4
3
3
4
4
4
4
3
4
3
4
3
3
3
3
3
4
3
3
3
3
3
6
4
4
4
4
4
5
4
4
4
4
4
4
4
4
3
4
4
4
3
4
4
3
4
4
4
4
4
4
4
5
4
4
4
4
4
4
4
3
4
3
4
4
3
4
4
3
4
6
4
4
4
4
4
19
30
36
14
4
3
4
4
4
4
4
4
4
3
3
4
3
3
3
3
3
3
3
4
4
4
4
4
3
4
4
