20
20
18
18
18
37
32
20
18
20
21
20
18
19
24
22
19
21
19
24
21
23
24
24
21
20
20
21
24
20
21
21
22
17
18
21
19
24
18
18
17
21
17
18
16
17
17
18
17
17
22
16
16
19
18
16
15
16
16
20
15
16
17
22
17
19
18
17
18
16
20
17
20
17
18
17
18
23
17
20
18
19
18
19
18
18
18
17
18
18
20
18
18
18
20
19
18
18
17
19
17
18
16
21
16
16
26
28
18
17
18
16
22
21
22
20
18
16
16
16
17
18
17
17
18
23
19
17
42
44
19
17
20
20
19
17
16
18
18
18
16
17
17
17
18
17
18
17
17
19
20
20
19
18
18
19
21
19
17
18
19
19
19
18
18
21
19
17
19
20
21
18
18
28
25
19
16
18
19
20
19
18
18
19
19
18
18
20
19
17
17
18
24
18
18
17
18
20
18
17
18
18
19
18
17
20
19
20
20
22
22
20
31
36
31
33
31
33
34
47
40
42
42
34
35
34
32
34
35
34
33
35
33
35
35
31
34
36
35
35
40
35
41
33
36
34
76
60
32
35
33
36
34
32
35
35
33
58
34
33
36
46
40
41
39
36
37
37
38
44
44
52
53
49
49
60
66
66
66
62
68
56
64
59
61
62
59
58
