2
2
7
3
3
24
21
4
6
3
4
7
3
3
7
3
4
6
4
5
7
3
3
16
8
2
3
2
3
7
2
3
8
27
28
30
28
28
28
28
28
30
28
27
36
27
31
29
28
26
29
26
29
29
36
27
32
26
29
29
28
22
2
3
2
4
1
1
5
1
5
8
2
1
2
5
3
4
2
1
5
1
2
9
1
1
1
2
2
4
1
1
5
1
2
14
6
1
2
1
2
5
1
1
6
2
2
4
1
1
1
2
2
3
1
1
5
1
3
2
1
3
10
2
3
3
1
1
5
1
3
2
1
1
1
3
4
3
1
1
5
1
3
3
1
1
4
23
2
1
1
1
5
1
3
3
1
1
1
2
3
3
1
1
5
1
3
14
4
1
2
2
3
4
2
4
6
1
3
2
1
1
1
2
3
2
1
2
5
1
4
3
2
1
2
1
3
4
1
4
8
3
3
2
1
1
3
3
5
6
3
4
8
1
3
2
1
2
3
4
7
4
2
3
6
1
3
1
1
2
2
2
3
3
1
3
6
1
2
15
4
1
1
1
4
6
5
3
7
2
3
4
4
2
2
2
5
31
3
5
8
4
5
4
3
4
5
4
8
6
4
7
9
5
6
5
4
4
4
3
11
13
1
4
3
2
3
3
