6
6
5
5
6
12
6
7
6
6
6
5
5
5
6
6
6
6
7
7
6
6
5
6
5
6
5
5
19
19
13
6
6
5
5
9
12
9
5
5
5
6
5
5
5
4
4
5
5
5
5
4
4
5
5
5
4
5
4
5
5
5
5
5
5
6
5
6
6
5
5
5
5
7
6
5
5
5
5
5
5
6
6
5
5
6
6
6
5
6
5
6
6
5
5
5
5
5
6
6
5
6
5
5
6
5
5
5
5
5
5
5
5
6
5
6
5
4
5
6
5
6
5
5
5
5
5
5
5
5
4
5
5
5
5
5
6
6
5
6
6
5
5
5
6
6
5
5
5
6
4
5
5
5
5
5
5
6
4
4
5
5
5
5
4
5
5
5
5
5
5
4
5
6
24
29
28
13
5
5
6
5
6
6
6
5
6
5
6
5
5
5
6
5
5
5
5
5
5
6
5
5
5
5
5
5
5
9
12
12
8
6
5
5
6
5
5
6
5
5
6
16
11
16
8
16
26
12
10
11
12
8
9
8
9
9
12
10
11
12
12
16
10
8
8
7
8
12
13
16
13
13
10
10
9
10
12
21
13
13
12
12
10
10
11
10
12
8
8
7
10
10
9
9
9
8
8
9
8
9
11
12
12
11
10
10
10
11
