0
0
0
0
0
0
0
0
23
14
38
67
74
74
2
2
2
49
70
88
88
88
90
89
92
90
87
91
60
21
92
92
71
0
0
1
1
0
1
0
0
1
0
0
0
0
0
1
0
0
0
0
1
0
0
0
0
0
0
0
0
0
0
0
1
0
1
0
0
0
0
0
0
0
0
0
0
0
0
0
0
0
0
0
0
0
0
0
0
1
0
0
0
0
0
0
0
0
0
0
0
0
0
0
3
1
0
0
0
0
0
0
1
0
0
0
0
0
0
0
0
0
0
0
1
0
5
0
1
1
0
0
0
0
0
0
1
0
0
0
0
0
0
0
0
0
0
0
1
0
0
0
0
0
0
0
0
0
1
0
0
0
0
0
0
0
0
1
0
0
0
0
0
0
1
0
0
0
0
0
0
0
0
0
1
0
0
0
0
0
0
0
0
0
0
0
1
0
0
0
0
0
0
0
0
0
0
0
8
1
1
0
0
0
0
1
0
0
0
0
1
0
1
1
1
1
1
1
1
1
1
1
1
1
1
1
1
1
1
1
1
1
1
1
1
1
1
1
1
1
0
0
0
0
1
0
1
1
1
1
1
1
1
1
1
1
1
1
1
1
22
14
16
1
2
1
1
1
1
1
1
1
1
1
0
0
0
0
