10
6
8
7
7
7
13
13
11
10
7
6
7
6
7
5
9
9
13
11
8
6
10
7
6
5
6
5
6
7
9
10
5
6
5
6
5
6
5
6
5
8
8
10
6
6
5
6
5
6
5
6
5
8
8
11
5
6
5
5
6
5
6
5
6
6
8
6
6
5
6
5
6
5
6
5
6
6
8
6
7
5
6
5
6
5
6
5
6
5
5
6
5
6
5
6
5
6
5
6
5
6
5
6
5
6
5
6
5
6
5
6
5
6
5
6
5
6
5
5
6
5
7
5
6
5
6
5
6
5
6
5
6
5
6
5
6
5
6
5
6
5
6
5
6
5
6
5
5
6
5
6
5
6
5
6
5
6
5
6
5
6
5
6
5
6
5
6
5
6
5
6
5
6
5
6
5
6
6
5
6
5
6
5
6
5
6
5
6
5
6
5
6
7
6
5
6
5
7
5
6
5
8
6
8
6
7
8
8
7
5
8
6
7
5
7
5
8
7
10
8
10
10
12
9
10
8
12
10
13
9
10
11
12
13
15
11
9
9
9
10
9
10
9
9
10
14
13
11
12
12
8
9
8
9
8
10
10
13
12
11
8
9
8
9
11
9
10
9
12
11
12
10
11
9
10
9
13
11
12
11
13
13
12
10
13
12
12
