3
5
12
4
2
4
2
7
5
4
4
3
2
3
3
7
2
2
3
2
4
3
2
2
1
1
2
5
4
2
3
4
1
5
2
1
1
9
1
1
1
1
1
6
3
1
1
1
0
1
2
1
1
2
1
1
1
1
1
2
2
1
1
1
2
1
1
3
2
1
1
1
1
1
0
0
0
1
1
1
1
1
1
1
0
0
1
1
1
1
1
0
1
1
1
1
1
1
1
0
0
1
1
0
1
0
1
1
1
1
1
0
1
0
1
1
1
1
1
1
1
0
1
0
0
1
1
0
0
1
0
1
0
1
1
1
1
1
1
1
1
0
0
1
1
1
0
1
1
1
1
0
0
0
1
1
0
0
0
1
1
0
1
1
1
1
1
1
1
0
0
0
0
1
1
1
1
1
1
1
0
0
1
1
1
1
1
1
0
1
0
1
1
1
1
1
1
0
1
0
0
1
1
1
1
1
2
3
1
1
1
1
1
2
2
2
4
3
5
9
4
3
4
3
3
3
2
3
14
4
9
9
4
2
5
4
3
5
4
4
5
14
14
2
4
2
8
8
6
4
7
2
4
6
7
4
8
4
5
16
6
4
12
7
6
6
9
6
6
2
4
5
5
9
20
14
9
7
13
12
11
2
5
7
8
9
7
11
