28
24
23
26
25
24
25
24
24
24
27
24
24
24
27
24
24
27
24
23
26
25
24
23
27
25
23
26
25
25
23
27
25
24
26
24
25
24
25
24
24
26
25
24
26
24
25
24
27
24
24
26
21
19
18
22
21
19
21
20
21
17
22
20
19
23
22
20
20
24
22
20
24
22
21
23
23
24
22
26
24
24
25
24
24
26
25
25
24
27
25
24
27
24
25
23
27
24
24
26
25
24
24
26
25
24
27
25
24
26
25
25
24
26
25
24
26
24
25
27
27
25
23
27
25
24
26
25
24
26
25
25
26
24
25
24
27
24
24
27
25
24
26
25
25
26
25
24
24
26
25
24
27
25
23
26
25
25
28
24
25
26
26
25
26
24
25
25
26
25
24
27
26
24
27
24
24
27
24
24
26
25
25
26
25
24
25
26
25
23
27
26
24
26
25
25
27
24
25
26
25
26
26
24
25
25
26
24
24
27
25
24
26
24
24
26
26
24
26
25
25
26
25
24
25
26
25
24
27
26
24
26
25
24
27
24
24
26
26
24
26
24
26
25
25
24
25
26
25
24
28
24
24
26
26
24
26
25
28
26
25
25
26
26
26
24
27
25
25
29
25
24
28
25
25
26
26
29
30
50
28
29
30
30
37
46
69
30
