14
13
13
13
13
14
14
14
14
14
14
14
14
14
14
14
14
15
16
14
14
14
14
14
16
13
13
13
13
14
16
14
14
14
14
14
14
14
14
14
14
15
14
18
15
14
14
14
14
15
17
15
15
15
14
14
15
15
16
15
16
14
15
15
14
18
18
14
14
14
14
14
14
14
13
13
14
15
14
13
13
13
13
13
13
16
16
16
16
18
15
15
15
15
15
15
15
15
17
14
14
16
14
14
14
14
14
14
14
13
14
14
14
15
14
14
14
14
14
14
14
14
14
14
14
15
14
14
16
18
18
18
18
18
18
18
18
21
18
18
18
18
18
18
18
18
18
18
18
18
17
18
18
18
18
18
17
15
15
16
17
19
17
19
19
19
17
19
18
18
19
18
18
18
16
17
16
17
17
16
16
16
18
18
16
15
13
13
14
14
14
14
13
16
13
16
15
16
15
18
15
15
15
15
16
14
13
15
16
18
14
14
14
15
16
15
14
15
15
16
16
18
16
18
15
15
15
15
15
15
15
15
15
14
14
14
14
15
15
15
14
16
15
15
15
15
15
15
14
14
14
14
14
14
14
14
14
15
14
14
15
15
15
15
15
15
15
15
15
17
15
15
15
15
15
15
15
15
15
15
15
15
16
15
15
15
15
15
