57
58
56
34
45
6
1
0
0
0
0
0
0
0
0
0
0
0
1
0
0
19
3
16
79
90
82
87
96
97
100
90
94
98
94
98
100
93
91
96
96
98
100
92
98
101
102
103
103
103
103
103
103
103
103
103
103
103
104
104
104
104
104
104
104
104
104
104
104
104
104
104
103
104
104
104
104
104
103
104
103
103
104
104
104
103
103
103
104
104
104
103
102
102
102
102
102
102
102
102
104
104
104
103
102
102
102
103
100
104
103
104
104
104
104
104
104
104
104
104
103
103
104
103
103
103
104
104
103
103
103
104
104
104
103
103
104
103
103
103
104
104
103
93
104
104
103
102
104
104
104
104
104
104
104
104
103
103
103
103
103
103
103
103
103
103
103
103
103
103
103
103
103
103
103
103
103
103
103
103
103
103
103
103
103
103
103
103
103
103
103
103
103
103
103
103
103
103
103
103
103
103
104
103
103
103
103
102
103
102
102
102
102
103
103
103
103
103
103
103
103
97
99
103
102
101
103
102
101
103
102
101
102
102
100
97
97
102
102
100
102
102
103
103
101
97
96
102
103
103
103
104
100
97
97
99
104
104
104
102
87
96
104
104
101
86
86
86
86
86
86
86
74
72
72
40
54
104
104
81
33
70
72
91
97
100
100
99
