60
60
55
34
43
5
0
0
0
0
0
0
0
0
0
0
0
0
1
0
0
19
4
16
52
95
96
98
98
103
102
98
97
90
96
102
102
97
102
94
94
97
103
99
101
101
101
101
101
101
101
101
101
101
101
102
102
102
102
101
102
103
103
103
101
99
99
103
104
103
103
103
103
101
101
101
101
101
101
101
101
103
103
103
103
102
82
85
103
103
103
101
101
101
102
101
102
102
101
103
104
104
104
103
103
103
104
104
96
104
104
104
103
104
104
104
104
104
103
104
104
103
103
103
103
104
103
104
103
104
104
104
103
103
103
103
103
103
104
104
104
104
103
103
104
104
103
103
104
103
104
104
104
104
104
104
103
103
103
103
103
103
103
103
103
104
103
103
103
103
103
103
103
103
103
103
103
104
104
104
103
103
103
103
104
103
104
104
104
104
104
104
104
104
104
103
102
102
102
102
104
103
104
104
104
103
97
97
102
104
104
101
98
102
102
103
102
102
103
103
103
98
99
103
103
104
103
104
104
104
104
104
104
104
102
97
97
102
103
103
104
103
104
104
103
97
97
102
103
104
104
104
102
97
97
98
104
104
104
101
86
98
104
104
101
86
86
86
86
86
86
72
72
72
60
32
59
104
104
81
24
69
72
78
103
102
103
103
