84
70
58
32
44
5
0
0
0
0
0
0
0
0
0
0
0
0
1
0
0
21
2
15
62
94
100
95
99
99
96
98
102
103
103
103
103
103
103
103
103
103
103
103
103
103
103
103
103
103
103
103
103
103
103
103
103
103
103
103
103
103
103
103
103
103
103
103
103
103
103
103
103
103
103
103
103
103
103
103
102
102
103
103
103
102
101
101
101
101
101
101
101
101
101
102
102
100
100
99
94
103
103
103
103
103
103
103
94
80
80
79
81
102
103
100
80
82
81
95
102
95
103
103
83
88
91
80
91
100
82
82
82
86
102
104
102
103
103
102
103
102
82
98
104
90
94
103
103
103
103
104
102
104
86
96
102
97
103
102
103
102
103
104
102
101
75
92
101
90
79
79
79
86
102
102
101
102
101
102
103
95
79
79
79
81
101
102
87
99
102
102
103
103
102
103
101
103
103
101
88
86
84
98
103
87
74
72
71
72
91
95
96
93
85
101
101
102
101
101
103
75
80
102
103
103
103
103
103
104
103
104
104
104
96
72
73
100
103
103
103
103
103
103
95
72
72
100
103
103
103
102
89
72
72
79
103
104
104
102
73
94
103
103
102
69
58
58
58
58
58
58
56
43
43
31
64
104
103
81
33
103
104
103
94
83
83
83
