83
79
67
42
49
7
1
1
1
1
1
1
1
0
0
0
0
0
1
0
0
22
4
12
72
100
79
77
77
89
95
82
89
98
99
101
100
100
103
103
103
103
103
102
102
102
101
103
101
102
102
101
103
101
103
102
102
103
102
103
102
102
103
102
103
102
102
102
102
101
102
102
102
102
102
103
102
102
102
102
103
102
102
103
102
102
102
101
102
102
102
102
102
102
102
102
102
101
102
102
102
102
101
102
102
102
103
102
95
103
101
102
102
102
102
101
103
102
102
103
101
103
102
102
103
101
103
102
102
103
102
103
102
102
102
101
102
102
102
103
101
103
102
102
103
102
103
102
102
102
102
103
102
102
102
101
103
102
103
102
102
103
101
102
102
102
103
102
102
102
102
103
102
103
102
102
103
102
103
102
102
103
101
103
102
102
103
101
102
102
102
103
102
103
102
102
103
102
103
102
102
103
102
102
102
101
103
102
102
102
101
99
97
102
102
101
102
101
101
102
101
88
90
101
103
102
102
101
100
101
100
100
101
100
97
85
85
102
103
101
101
101
101
99
96
83
84
100
101
102
102
101
91
84
84
88
99
99
101
97
84
96
101
103
97
85
85
76
70
57
57
57
57
57
57
36
57
103
104
81
52
74
72
71
72
71
71
72
