76
66
62
36
41
7
0
0
0
0
0
0
0
0
0
0
0
0
1
0
0
22
2
12
70
102
102
102
102
102
101
102
102
102
102
102
102
101
102
102
102
102
102
102
102
102
102
102
102
102
102
102
102
102
102
102
102
102
102
102
102
102
102
102
102
102
102
102
102
102
102
102
102
102
102
102
102
102
102
102
102
102
102
102
102
102
102
102
102
102
102
102
102
102
102
102
102
102
102
102
102
102
102
102
102
102
102
102
100
102
102
102
102
102
102
102
102
102
102
102
102
102
102
102
102
102
102
102
102
102
100
98
97
98
98
98
98
97
98
98
97
98
98
98
98
98
98
97
97
97
99
97
97
98
98
98
97
98
98
97
97
98
98
97
97
98
97
97
98
98
97
100
102
102
102
102
102
102
102
102
102
102
102
102
102
102
102
102
102
102
102
102
102
102
102
102
102
102
102
102
102
102
102
102
102
102
102
102
102
102
102
102
102
102
102
102
102
102
102
102
102
102
102
102
102
102
102
101
101
102
101
102
102
102
100
97
97
101
101
101
102
102
102
102
91
71
71
97
102
102
102
102
72
55
43
56
103
103
103
99
24
74
104
104
94
17
15
15
15
15
11
0
0
0
0
5
56
102
102
79
23
97
102
101
102
102
102
102
