85
70
51
33
38
7
0
0
0
0
0
0
0
0
0
0
0
0
1
0
1
19
5
12
71
106
105
105
105
105
105
105
105
105
105
105
105
105
105
105
105
105
105
105
105
105
105
105
105
105
105
105
105
105
105
105
105
105
105
105
105
105
105
105
105
105
105
105
105
105
105
105
105
105
105
105
105
105
105
105
105
105
105
105
105
105
105
105
105
105
105
105
105
105
105
105
105
105
105
105
105
105
105
105
105
105
105
105
105
105
105
105
105
105
105
105
105
105
105
105
105
105
105
105
105
104
105
105
105
105
105
105
105
105
105
105
105
105
105
105
105
105
105
105
105
105
105
105
105
105
105
105
105
105
105
105
105
105
105
105
105
105
105
105
105
105
105
105
105
105
105
105
105
105
105
105
105
105
105
105
105
105
105
105
105
105
105
105
105
105
105
105
105
105
105
105
105
105
105
105
105
105
105
105
105
105
105
105
105
105
105
105
105
105
104
104
104
103
103
104
103
99
100
105
104
105
104
104
105
105
105
105
105
105
102
98
99
104
105
105
105
105
105
105
99
86
87
103
106
106
105
105
75
58
58
70
105
106
105
96
46
83
106
106
89
43
43
43
44
43
43
43
43
43
43
30
62
105
105
82
27
100
106
105
105
105
105
105
