0
0
0
0
0
0
0
10
19
21
18
17
19
27
15
21
14
0
12
14
14
1
0
0
0
0
0
0
0
0
0
0
0
0
0
0
0
0
0
0
0
0
0
0
30
2
0
0
0
0
46
46
15
23
104
105
101
104
103
104
102
103
102
102
103
101
101
101
100
100
101
103
101
100
98
98
97
97
96
92
89
67
75
78
47
32
33
96
97
97
97
97
95
103
104
98
97
72
96
94
55
29
20
14
8
69
27
15
2
82
99
95
99
97
96
85
57
87
100
99
100
100
98
98
99
99
98
99
98
97
99
99
100
99
101
94
94
92
94
93
82
88
99
99
100
101
88
47
78
93
49
41
40
41
43
95
100
102
102
101
100
96
101
101
101
100
99
98
93
99
100
100
99
99
99
98
98
100
100
98
98
98
98
98
98
98
98
99
98
97
98
97
98
93
93
91
75
51
51
42
37
26
83
92
98
97
97
96
85
85
84
83
73
60
54
54
47
23
88
98
76
24
14
33
104
104
98
78
46
29
29
29
18
15
4
0
16
91
101
98
98
96
96
96
95
82
95
95
97
90
90
67
20
2
0
0
0
0
0
0
0
0
0
0
26
87
20
100
104
104
104
104
104
104
104
104
102
102
102
103
100
96
53
30
20
2
0
7
