0
0
0
0
0
0
0
0
0
0
0
8
12
18
10
9
15
13
16
24
15
15
2
0
0
4
19
12
1
13
1
0
0
0
0
0
50
47
15
15
13
0
10
102
103
103
100
103
103
103
102
103
100
101
102
101
100
101
100
98
100
96
90
93
94
87
90
90
87
89
76
49
53
102
96
97
96
96
97
103
103
94
96
74
94
95
64
40
28
29
11
76
34
15
15
31
34
15
13
14
13
13
15
96
103
99
98
97
98
97
97
98
98
98
96
97
96
97
100
98
99
99
88
80
80
78
78
91
99
98
100
101
81
52
76
89
69
32
39
100
100
90
53
35
28
28
31
89
101
100
93
51
29
29
54
102
102
65
29
27
26
28
99
101
101
100
101
99
100
101
100
98
99
99
99
97
97
93
91
83
68
54
43
28
26
26
26
17
83
93
102
96
96
95
96
93
95
95
95
96
95
95
89
56
37
14
1
0
0
31
102
102
69
30
24
5
0
0
0
0
0
0
18
92
100
100
99
95
96
96
96
93
96
95
99
98
94
88
41
14
2
0
0
0
0
0
0
0
0
0
25
84
35
5
71
99
96
77
53
29
19
0
0
0
0
0
0
0
0
0
0
0
0
6
94
101
100
100
98
98
98
97
98
97
98
96
96
81
