0
0
6
8
14
18
8
12
15
15
18
24
15
13
1
1
1
4
17
18
2
10
0
0
0
0
0
43
40
6
19
99
96
92
96
96
96
95
96
95
95
95
95
95
96
94
94
95
94
94
92
92
93
93
90
91
89
86
87
84
69
39
4
26
96
96
96
96
96
96
96
96
93
97
74
92
89
71
51
31
6
0
67
32
15
15
5
0
37
96
96
96
96
95
94
96
95
95
95
92
95
95
96
96
96
96
96
96
96
96
95
95
95
96
96
96
91
83
92
95
95
95
86
55
43
74
83
44
31
35
93
89
85
69
56
57
54
45
85
96
95
78
56
41
42
58
95
96
66
56
55
53
40
93
94
94
94
95
94
93
93
93
94
93
93
91
92
93
94
90
74
67
54
52
52
40
26
27
27
80
85
96
96
96
94
91
82
82
83
82
81
78
78
51
26
85
82
65
30
16
9
0
3
0
0
0
0
0
0
0
0
0
0
18
86
95
96
95
86
89
94
93
77
87
89
92
91
93
90
77
52
14
2
0
0
0
0
0
0
0
0
17
52
8
92
96
96
96
96
96
96
96
96
96
96
96
96
96
96
93
88
64
7
0
2
87
95
93
92
90
90
93
92
92
92
92
92
92
86
60
47
11
0
0
1
84
58
15
