0
0
0
0
0
0
0
0
0
0
0
0
0
0
8
14
22
15
16
18
23
20
21
1
14
15
8
1
0
0
0
0
0
0
0
0
0
0
45
40
7
19
103
103
101
103
104
102
102
103
103
102
103
102
102
101
101
100
100
99
98
98
98
97
98
97
98
94
88
75
62
51
44
13
28
102
103
103
104
104
102
104
102
93
103
76
96
97
80
34
9
0
0
66
22
2
0
81
101
99
100
97
96
85
69
91
101
100
101
100
97
99
99
98
97
98
99
100
98
99
101
99
99
99
96
85
68
67
66
86
102
99
102
100
79
57
84
88
69
56
54
55
59
99
103
102
102
102
100
92
101
101
97
97
97
99
97
100
99
98
98
98
99
98
99
98
98
98
100
100
99
100
101
100
100
98
98
99
98
98
98
97
97
98
93
78
64
63
48
40
94
84
102
102
91
74
69
70
68
58
99
76
44
41
42
31
17
14
6
0
0
31
102
99
71
55
33
20
15
13
0
0
0
0
22
89
99
98
99
96
96
93
98
88
95
90
97
93
74
49
11
0
0
0
0
0
0
0
0
0
0
0
0
0
3
98
103
104
104
103
103
104
103
102
101
102
96
77
69
66
39
24
1
0
0
5
96
100
99
99
98
97
96
97
97
97
98
99
