0
0
0
0
0
0
0
8
13
14
8
12
16
12
17
24
15
15
2
0
0
5
17
14
0
12
3
1
1
0
0
47
34
4
25
101
102
98
101
102
102
101
100
102
102
100
98
99
101
99
100
99
99
97
96
95
97
95
94
96
77
84
80
62
44
40
21
39
94
95
96
96
96
94
101
96
94
101
73
93
93
60
23
0
0
0
69
21
0
0
83
99
96
98
96
83
83
75
70
71
70
70
68
69
71
70
70
71
71
70
70
69
70
70
75
98
97
98
98
85
54
40
83
101
102
102
102
102
102
102
102
102
102
98
100
97
99
102
102
102
100
101
94
102
102
101
99
99
100
99
101
100
101
102
101
102
101
101
100
101
102
101
100
96
98
99
100
99
100
100
101
100
101
96
82
71
47
43
40
28
28
28
23
98
96
102
101
102
99
92
96
95
94
94
93
85
77
58
36
21
0
0
0
0
26
84
84
73
70
60
37
8
0
0
0
0
0
18
89
100
100
98
94
95
93
92
91
95
95
96
82
49
36
17
10
0
0
0
0
0
0
0
0
0
0
0
0
4
99
101
101
102
102
101
102
101
101
100
101
101
102
96
67
54
30
11
0
0
4
95
100
99
98
97
98
98
98
99
98
97
94
90
76
44
26
27
15
5
