0
0
0
0
0
0
0
11
18
21
15
13
11
10
14
14
17
17
5
10
13
10
1
0
0
0
0
0
0
0
0
0
0
0
0
0
0
0
0
0
0
0
0
0
0
0
0
0
0
0
48
41
10
19
94
92
90
92
91
91
93
86
91
87
86
84
84
85
81
86
81
78
78
83
82
77
74
81
75
64
68
70
63
54
55
57
52
54
52
42
34
30
83
88
53
66
92
61
87
90
70
65
56
36
12
60
29
6
0
74
89
83
81
80
88
82
80
82
86
81
87
86
83
85
84
80
76
79
87
83
84
76
78
82
78
69
72
66
69
71
78
74
76
82
74
80
69
63
68
77
64
45
35
90
88
86
84
75
49
44
37
77
87
92
83
69
64
60
64
91
72
38
80
79
62
39
83
82
78
79
74
78
81
77
80
85
81
82
78
78
73
75
80
68
71
74
70
72
73
64
60
49
64
75
90
86
82
72
67
66
58
60
76
71
60
48
48
49
48
48
48
48
41
29
15
12
12
12
12
10
0
0
0
0
0
0
21
70
87
82
76
77
68
72
66
56
64
68
77
77
74
83
75
76
74
83
77
76
71
76
76
70
46
7
0
0
4
86
95
95
94
95
95
94
95
95
95
94
95
95
94
94
95
94
94
94
94
93
