0
0
0
0
0
0
0
0
0
0
0
0
0
0
12
12
18
8
9
15
11
16
14
21
13
13
14
4
10
13
4
0
0
0
0
0
0
46
41
13
25
93
93
91
92
95
92
88
94
89
88
88
86
82
92
85
80
78
78
82
85
80
82
78
82
72
46
64
72
53
42
29
23
22
19
11
6
0
16
89
81
60
60
45
48
82
86
85
78
68
65
29
13
13
2
0
76
85
84
79
89
83
84
80
80
83
80
79
79
81
81
82
77
82
81
82
85
79
77
80
82
91
89
80
73
77
62
64
72
79
82
84
82
80
62
61
60
67
67
64
58
48
69
63
62
68
66
66
86
81
83
79
93
90
82
75
83
79
70
65
60
62
62
78
76
81
83
87
85
80
74
75
80
76
75
80
70
76
76
77
74
78
76
75
70
71
78
84
78
68
73
75
74
73
70
74
77
65
67
58
62
64
64
66
66
54
49
43
42
39
22
21
22
22
24
24
24
20
12
13
13
13
12
15
77
90
90
91
91
88
91
92
89
90
90
92
93
93
92
93
92
88
75
69
60
40
13
1
1
1
1
1
1
3
88
93
93
93
94
94
93
94
94
94
93
93
93
93
93
93
90
85
72
63
59
78
84
57
50
47
35
36
36
36
35
35
36
38
