0
0
9
17
20
15
15
17
20
18
21
8
7
13
8
1
0
0
0
0
0
0
0
0
0
45
43
13
21
97
98
97
98
98
93
93
93
96
95
96
96
94
96
95
94
92
94
95
92
91
94
93
91
81
77
78
86
80
82
79
59
34
21
12
9
0
11
84
62
17
52
82
56
89
92
76
37
13
10
0
70
24
10
0
62
83
84
93
92
89
74
36
82
92
92
92
92
91
92
92
92
91
90
88
85
91
91
92
92
91
90
87
78
71
65
60
76
91
89
90
89
86
69
72
86
86
78
77
59
48
84
88
95
85
97
94
87
91
94
93
87
89
82
90
93
88
87
84
80
80
83
82
87
89
89
88
92
88
76
78
84
78
73
76
85
87
83
85
80
78
83
84
84
79
88
93
84
85
84
93
91
86
90
94
93
90
71
69
69
71
71
67
61
58
59
59
58
58
60
60
50
49
49
45
28
18
3
1
1
1
1
13
64
91
93
85
89
87
82
81
84
85
82
83
86
87
90
89
87
90
90
77
59
27
16
13
13
3
1
1
1
3
83
96
95
94
94
95
94
94
96
95
94
95
93
86
86
85
72
62
56
36
27
87
91
84
82
83
82
74
71
70
68
71
71
70
60
60
38
26
23
5
1
63
78
18
1
1
