0
0
0
0
0
0
0
0
0
0
0
0
9
9
15
13
8
10
14
13
16
22
12
16
16
2
11
13
7
1
0
0
0
0
0
0
0
0
0
1
1
8
92
93
94
95
96
95
94
95
95
94
93
92
91
93
94
94
92
91
95
94
92
92
91
89
89
88
92
93
92
81
83
73
41
36
22
52
76
26
64
84
14
27
89
60
19
14
3
1
70
26
12
1
74
94
92
94
93
91
68
62
81
92
93
93
94
93
94
93
93
93
93
91
92
92
92
92
93
92
91
84
61
52
46
42
80
94
95
91
85
77
72
71
67
60
60
61
61
61
90
94
93
86
85
84
92
93
97
92
84
79
80
83
95
94
90
83
83
83
78
90
90
88
92
93
92
92
90
92
92
92
89
87
93
91
90
85
89
91
89
85
86
87
91
86
84
81
72
89
89
92
95
88
81
82
81
81
81
81
77
71
72
70
72
72
72
66
60
60
60
59
61
60
61
60
60
61
61
49
47
38
56
79
37
13
12
12
11
1
50
91
90
91
90
88
93
92
90
88
92
93
81
67
58
50
46
21
14
14
14
13
4
61
88
78
66
48
37
37
34
15
13
2
1
1
1
1
1
1
1
1
2
82
89
84
89
89
90
89
87
90
87
85
84
85
87
87
