0
0
0
0
0
0
0
0
0
0
8
10
15
13
7
10
14
11
15
20
15
14
13
8
8
13
8
0
0
0
0
0
0
0
0
0
0
1
0
8
91
96
94
93
94
91
90
90
88
91
91
90
88
88
84
86
89
82
84
76
78
56
35
65
66
53
37
23
12
36
84
86
87
86
86
86
86
90
85
84
19
30
90
47
16
13
13
4
9
0
0
0
81
90
86
86
91
84
79
80
87
89
86
92
91
80
86
84
78
87
82
80
84
80
74
77
78
78
78
84
80
80
63
62
82
93
95
96
95
86
66
79
80
65
64
57
51
52
88
93
93
93
93
93
92
93
93
93
92
92
92
87
92
93
93
93
93
93
93
93
94
93
94
92
92
92
93
94
93
92
93
92
93
93
86
82
83
82
81
71
60
52
40
43
43
76
76
78
83
80
84
92
91
80
60
75
69
46
38
32
25
23
17
13
13
1
0
0
0
0
0
0
0
0
0
0
0
0
0
17
81
94
95
92
92
93
90
85
85
84
86
88
86
88
92
89
88
89
84
81
78
80
66
75
73
58
40
8
0
4
91
84
86
93
97
95
87
87
89
84
86
85
83
85
91
84
84
89
86
91
88
83
66
47
44
36
21
13
13
11
0
1
1
0
0
0
0
0
