89
69
57
46
43
30
15
15
52
93
65
55
43
37
15
15
21
31
20
14
34
23
15
1
1
1
56
68
54
40
27
15
4
1
20
85
44
82
54
99
66
57
57
34
64
95
24
15
8
12
57
38
26
15
43
52
29
18
43
91
7
15
15
15
15
15
15
13
15
15
15
15
15
30
91
78
84
58
39
93
97
86
56
43
20
14
9
15
11
12
96
75
60
49
43
34
18
15
25
30
18
19
32
21
13
1
1
1
1
0
0
0
1
0
0
0
0
0
0
0
0
0
0
0
0
0
0
0
0
0
0
0
0
0
0
0
0
0
0
0
0
0
0
0
0
0
0
0
0
0
0
0
0
0
0
0
0
0
0
0
0
0
0
0
0
0
0
0
1
0
0
0
0
0
0
1
1
0
0
0
0
0
0
0
0
0
0
0
0
0
0
0
0
0
0
0
0
0
0
0
0
0
0
0
0
29
105
105
104
104
105
105
105
105
105
104
105
105
105
105
105
105
104
104
105
105
105
104
105
104
105
105
104
105
105
105
105
105
105
105
105
105
105
104
105
105
104
105
105
105
105
105
105
105
104
105
105
105
105
105
105
105
105
105
105
104
105
105
104
105
104
104
105
105
105
49
0
28
92
84
58
57
48
43
43
31
13
31
