4
4
5
4
4
4
5
4
4
4
4
4
5
4
5
5
4
4
4
6
8
4
4
4
4
4
4
4
4
4
4
4
4
4
4
4
4
4
4
4
4
4
4
4
5
4
4
4
4
4
4
4
4
7
4
7
4
4
7
4
4
4
4
4
4
6
6
4
6
5
4
4
4
4
4
4
4
4
4
4
4
4
4
4
4
4
4
4
4
4
4
4
4
4
4
7
9
4
4
4
4
4
4
4
4
5
4
4
4
6
5
4
4
4
5
4
4
4
4
5
7
4
4
4
6
4
6
4
5
4
4
4
6
4
4
4
4
4
4
4
4
4
4
4
4
4
4
5
6
4
7
6
4
4
4
4
4
4
4
4
4
4
4
4
4
4
4
4
4
4
4
4
4
5
4
5
4
4
4
4
5
4
4
4
4
4
4
4
4
4
4
4
4
4
4
4
4
7
4
8
4
6
6
4
5
4
4
4
4
4
4
4
4
4
4
4
4
4
4
5
6
4
5
4
4
4
4
4
4
4
4
4
4
4
4
4
4
4
4
4
4
4
4
5
4
5
4
4
4
4
4
4
4
4
4
4
4
4
4
4
4
4
4
4
4
4
4
4
4
5
4
4
4
4
4
4
4
4
4
4
4
4
4
4
4
4
4
4
