1
1
1
1
1
1
1
1
1
1
1
1
1
1
1
1
1
1
1
1
1
1
1
21
70
104
103
95
103
100
104
104
104
103
104
103
104
104
104
104
104
104
104
104
104
104
104
104
104
104
104
104
104
104
104
104
104
104
104
104
104
104
104
104
104
104
104
104
104
104
104
104
104
104
104
104
104
104
104
104
104
104
104
104
104
104
104
104
104
104
104
104
104
104
104
104
104
104
104
104
104
104
104
104
104
104
104
104
103
103
103
103
104
104
103
104
103
104
103
103
103
103
104
104
104
103
104
104
104
103
104
104
104
104
104
104
104
104
104
104
104
103
104
104
104
104
104
104
104
104
104
104
104
104
104
104
104
104
104
104
104
104
104
104
104
104
104
104
104
104
104
104
104
104
104
104
104
104
104
104
104
104
104
104
104
104
104
104
104
104
104
104
104
104
104
104
104
104
104
104
104
104
104
104
104
104
104
104
104
104
104
104
104
104
104
104
104
104
104
104
104
104
104
98
98
98
98
98
98
98
98
98
98
98
93
86
86
85
85
85
88
97
68
64
102
83
102
93
68
57
57
57
76
100
85
71
71
71
71
71
62
57
57
51
43
36
29
29
29
29
29
29
29
29
17
0
1
33
68
38
97
102
101
102
102
102
102
103
