0
0
0
0
0
1
0
0
0
0
0
0
0
0
0
0
0
0
1
0
0
0
0
20
74
103
102
102
102
102
102
102
102
102
102
102
102
102
102
102
102
102
102
102
102
102
102
103
102
102
102
102
102
102
102
102
102
102
102
102
102
102
102
102
102
102
102
102
102
102
102
102
102
102
102
102
102
102
102
103
102
102
102
102
102
102
102
102
103
102
102
102
103
103
102
102
102
102
102
102
102
102
102
102
102
102
102
102
102
102
102
102
102
102
102
102
102
102
102
102
102
102
102
102
102
102
102
102
102
102
102
102
102
102
102
103
102
102
102
103
102
102
102
102
102
102
102
103
102
102
102
102
102
102
102
102
102
103
102
102
102
102
102
102
102
102
102
102
102
102
102
102
102
102
102
102
102
102
102
102
102
102
102
102
102
102
102
102
102
102
102
102
102
103
103
102
102
102
102
103
102
102
102
102
102
102
102
102
102
102
102
102
102
97
97
97
97
97
97
97
97
97
86
85
85
85
85
85
85
85
85
85
85
85
85
85
85
85
85
85
85
87
99
79
60
85
59
57
57
57
57
57
57
73
102
75
57
49
43
43
43
43
43
43
43
43
43
43
43
43
43
43
43
43
34
13
1
0
28
75
30
93
102
102
102
102
102
102
