1
1
1
1
1
1
1
1
1
1
1
1
1
1
1
1
1
1
1
1
1
1
1
18
71
98
89
89
82
86
94
102
95
92
92
96
102
103
102
103
102
103
102
103
102
103
102
103
103
102
103
102
103
102
104
102
103
102
103
102
103
102
102
102
103
103
102
103
102
103
102
103
102
103
102
103
102
103
102
103
103
102
103
102
103
101
103
103
103
103
102
103
102
103
103
102
103
102
103
102
103
102
103
102
103
102
103
102
99
103
102
103
102
103
102
103
102
103
103
103
103
102
103
102
103
102
103
102
103
102
103
103
103
103
102
103
102
103
102
103
103
103
103
102
103
102
103
101
103
102
103
102
103
103
103
103
103
103
102
103
102
103
102
103
102
103
103
102
103
102
103
101
102
103
102
103
103
103
103
102
103
101
104
102
103
103
103
103
103
103
102
103
102
104
102
103
102
103
103
103
103
102
103
102
104
102
103
103
103
103
102
103
102
104
101
103
102
103
102
97
97
97
97
97
97
97
97
97
97
97
97
97
97
97
97
97
97
97
97
97
97
97
97
97
97
97
97
97
97
97
97
97
97
97
91
85
85
85
85
86
85
86
85
83
58
46
43
43
37
29
29
29
24
15
9
1
1
23
62
38
101
104
103
102
103
104
101
103
