0
0
0
0
0
0
0
0
1
1
1
1
1
1
1
1
1
1
1
1
1
1
1
22
97
105
104
104
104
104
105
104
104
104
104
104
105
104
104
104
104
104
104
105
104
104
104
104
105
104
104
104
104
104
104
105
104
104
104
104
104
104
104
105
105
104
104
105
104
105
105
104
105
104
105
104
104
104
105
104
104
104
104
104
105
104
104
104
104
104
104
104
105
104
104
105
105
104
104
104
104
105
104
105
104
104
104
104
99
105
105
104
104
105
104
105
104
104
104
104
104
104
105
104
104
104
104
104
104
104
104
104
104
105
104
104
104
104
104
104
104
104
104
104
104
104
104
104
105
104
104
104
105
104
104
104
104
105
104
105
105
104
105
105
104
105
105
105
105
105
105
105
105
105
104
105
105
105
104
104
104
104
104
105
105
105
105
104
105
105
105
104
104
105
105
105
105
105
105
104
104
104
104
105
104
104
104
104
104
105
104
104
102
98
98
98
98
98
98
98
98
98
98
98
88
86
86
86
86
86
87
87
87
86
87
87
87
87
87
87
86
90
103
82
72
72
72
72
72
72
72
72
72
72
72
72
72
72
72
72
62
58
58
54
30
29
29
29
29
29
29
24
15
15
15
8
0
0
16
63
24
99
104
104
104
104
104
104
