0
0
0
0
0
0
0
0
0
0
0
0
0
0
0
0
0
0
1
0
0
0
0
18
53
104
103
104
104
104
104
104
104
104
104
104
103
103
103
102
103
103
103
103
103
104
104
104
103
103
104
104
104
104
104
104
104
104
104
104
104
104
104
104
104
104
103
104
104
104
104
104
104
104
103
103
104
103
103
103
104
103
104
104
104
104
104
103
104
103
103
103
104
104
104
104
104
104
104
104
103
96
102
104
104
104
104
104
101
104
103
104
103
103
104
104
104
104
104
104
104
104
104
104
103
104
104
104
104
104
104
104
104
104
104
104
104
104
104
104
104
104
104
104
104
104
104
104
104
104
104
104
104
104
104
104
104
104
104
104
104
104
104
104
104
104
104
104
104
104
104
104
104
104
104
104
104
104
104
104
104
104
104
104
104
104
104
104
104
104
104
104
104
104
104
104
104
104
104
104
104
104
104
104
104
104
104
104
104
104
104
104
104
104
104
104
104
104
104
104
104
104
104
104
104
104
104
104
104
104
104
104
104
104
104
104
104
98
98
88
86
89
103
94
86
86
86
85
86
79
72
72
72
72
72
72
72
72
72
68
58
58
44
29
29
29
29
16
15
15
15
15
15
15
15
9
0
0
16
63
39
102
104
104
104
104
104
104
