0
0
0
0
0
0
0
0
0
0
0
0
0
0
0
0
0
0
1
0
0
0
0
22
100
105
104
104
104
104
104
104
104
104
104
104
104
104
104
104
104
104
104
104
104
105
104
104
104
104
104
104
104
104
104
104
104
104
104
104
104
104
104
104
104
104
104
104
104
104
104
105
104
104
104
104
104
104
104
104
104
104
104
104
104
104
104
104
105
104
104
104
104
104
105
104
104
104
104
104
104
105
105
104
104
104
104
105
104
104
104
104
104
104
104
104
104
104
104
104
104
104
104
104
104
104
104
104
104
105
104
104
105
104
105
104
104
104
104
104
104
104
104
105
104
104
104
104
104
104
104
104
104
104
104
104
104
104
104
104
104
104
105
104
104
104
104
104
104
104
105
104
104
104
104
104
104
104
104
104
104
104
104
104
104
104
104
104
104
104
104
104
104
104
104
104
104
104
104
104
104
105
104
104
104
104
104
104
104
101
98
98
98
98
98
98
98
98
98
98
98
98
98
98
98
98
98
98
92
86
86
78
72
70
58
58
58
46
43
43
41
104
77
30
75
66
58
87
63
51
32
19
18
96
62
29
10
6
98
71
56
26
10
0
0
0
0
0
0
0
0
0
0
0
0
0
0
0
22
63
56
104
104
104
104
104
104
104
