65
49
38
25
13
38
86
50
43
23
86
58
40
29
6
64
74
67
48
22
0
0
0
0
0
0
0
0
0
0
0
0
0
0
0
0
0
28
105
51
15
15
15
15
64
92
6
0
0
0
0
0
0
0
0
3
15
13
36
55
0
0
0
0
0
18
89
71
52
30
25
0
0
19
90
79
84
47
22
90
69
58
58
58
42
27
15
50
98
74
66
81
53
29
29
29
22
9
0
0
0
0
0
0
0
0
0
0
0
0
0
0
0
0
0
0
0
0
0
0
0
0
0
0
0
0
0
0
0
0
0
0
0
1
1
1
1
1
1
1
1
1
1
1
1
1
1
1
0
0
0
0
0
0
0
1
0
0
0
0
0
0
0
0
0
0
0
0
0
0
0
0
0
0
0
0
0
0
0
0
0
0
0
0
0
0
0
0
0
0
0
0
0
0
0
0
0
0
0
0
0
0
0
0
0
28
105
105
104
104
104
104
105
104
104
104
104
104
104
104
104
105
104
104
104
104
104
104
104
104
104
104
104
104
104
104
104
104
104
104
104
104
104
104
104
104
104
104
104
104
104
104
104
104
104
104
104
104
104
104
104
104
104
104
104
104
104
104
104
105
104
104
104
104
105
49
0
17
96
7
50
41
82
43
43
43
37
18
