0
0
0
0
0
0
0
0
0
0
0
0
0
0
0
0
0
0
1
0
0
0
0
17
98
105
105
105
104
104
105
105
105
105
105
105
105
104
104
104
105
105
104
105
105
104
105
105
105
105
105
105
104
104
105
105
105
104
104
105
105
105
105
105
105
105
104
104
104
104
104
105
105
104
105
104
104
104
105
104
104
105
105
104
105
104
105
105
104
105
105
104
104
104
105
105
105
105
104
105
105
105
105
105
105
104
105
104
100
105
105
105
105
105
105
105
104
104
105
104
104
105
105
105
105
105
105
104
105
105
105
105
105
104
105
104
104
105
104
105
105
105
105
105
104
104
105
105
104
104
104
105
105
105
104
105
105
105
105
104
105
105
105
104
105
105
105
104
104
105
105
105
105
104
104
104
103
105
105
104
105
105
105
105
104
104
105
105
105
104
105
104
104
105
105
105
105
105
105
104
104
105
105
105
105
105
104
104
104
104
104
104
104
104
104
104
104
104
104
104
101
98
98
98
98
98
98
98
98
98
98
91
86
86
85
72
72
72
72
70
58
67
104
69
58
58
58
57
57
58
58
50
43
65
102
52
43
36
29
19
15
34
55
24
15
15
15
15
15
15
15
6
0
0
0
0
0
0
16
65
54
105
104
104
104
105
105
105
