0
92
91
73
55
50
83
71
53
32
1
0
0
0
0
0
0
72
66
44
34
24
4
0
0
0
0
0
0
0
0
0
0
0
0
0
0
8
26
77
102
85
50
33
30
103
92
63
39
15
0
0
0
0
0
0
0
0
0
1
0
0
0
0
0
0
0
0
0
0
0
0
0
0
0
79
90
64
45
7
5
89
10
0
0
0
0
11
4
12
89
71
57
29
1
0
0
0
0
0
0
0
0
0
0
0
0
0
0
0
0
0
1
0
0
0
0
0
0
0
0
0
0
0
0
0
0
0
0
0
0
0
0
0
0
0
0
0
0
0
0
0
0
0
0
0
0
0
0
0
0
0
0
0
0
0
0
0
0
0
0
0
0
0
0
0
0
0
0
0
0
0
0
0
0
0
0
0
0
0
0
0
0
0
0
0
0
0
0
0
0
0
0
0
0
0
0
0
0
0
0
0
0
0
0
28
102
103
103
103
103
33
0
0
0
0
1
0
0
0
0
0
0
0
0
0
0
0
0
0
0
0
0
0
0
0
0
0
0
0
11
98
69
97
80
56
50
103
94
49
84
87
53
100
80
39
29
22
103
87
33
54
104
97
67
38
24
103
83
49
20
79
33
15
67
66
29
23
24
41
13
30
70
15
15
78
88
62
