2
2
2
2
3
3
2
2
2
2
2
2
3
4
4
4
4
4
2
2
2
2
2
2
2
2
2
2
3
2
2
2
3
2
2
2
2
2
2
2
2
2
2
2
2
2
2
2
2
2
2
2
3
3
3
2
2
2
2
2
2
2
2
3
3
3
2
2
3
2
2
2
2
2
2
2
12
12
2
2
2
2
2
2
2
3
3
2
3
3
2
2
2
3
2
2
2
2
2
2
3
3
2
2
4
4
2
2
3
3
3
2
9
26
24
25
25
26
25
25
26
24
26
26
27
27
27
26
27
26
26
26
26
26
25
26
26
27
26
26
25
26
27
27
26
24
23
24
25
26
22
40
49
47
11
2
2
3
2
2
3
3
2
2
2
3
2
2
2
3
3
3
4
3
3
3
3
2
3
3
3
3
3
3
3
3
2
3
2
2
2
2
2
2
2
2
3
3
2
2
2
2
2
2
2
3
3
2
3
2
2
2
3
3
2
2
2
3
2
2
2
3
2
2
2
2
2
2
2
2
2
2
2
2
2
2
2
2
2
2
2
2
2
3
5
4
5
3
3
2
2
2
2
2
2
2
2
2
2
2
2
2
2
2
2
2
2
2
3
3
2
2
2
2
2
2
2
2
2
2
2
3
2
2
3
2
2
2
