8
2
4
3
3
4
6
5
6
16
2
2
2
2
2
2
3
4
7
7
3
4
6
3
2
3
2
2
2
3
4
4
3
2
2
2
2
2
2
2
2
3
4
3
3
3
2
2
2
2
2
2
2
3
4
5
3
5
3
2
2
2
2
2
2
2
3
3
4
2
2
2
2
2
2
2
9
11
3
3
3
4
2
2
2
2
2
2
2
2
2
2
2
2
2
2
2
2
2
2
3
2
2
2
3
3
2
2
2
2
2
2
6
31
24
26
20
23
24
22
20
24
25
22
20
21
20
20
18
17
18
17
20
21
21
19
21
21
23
22
18
22
24
26
50
34
26
29
29
30
29
29
27
26
25
27
27
26
24
27
26
35
39
2
2
2
2
2
2
2
2
2
3
2
2
2
3
2
3
2
2
2
2
2
2
2
2
2
2
2
2
2
2
2
2
2
2
2
2
2
2
2
3
2
9
3
3
4
5
4
2
2
4
2
2
2
2
4
3
2
2
2
3
3
2
4
2
3
5
10
4
3
6
6
5
6
4
8
3
4
3
4
3
3
3
4
4
4
3
5
4
2
2
2
2
2
2
3
4
4
3
3
2
2
3
4
3
4
3
5
3
3
6
6
3
2
3
6
5
6
9
7
10
3
6
8
4
4
