5
5
5
6
6
6
5
6
6
6
4
3
3
3
3
3
5
4
3
3
5
3
3
3
3
3
3
3
4
13
3
3
3
3
3
3
3
3
3
3
3
3
3
3
3
3
3
3
4
3
3
3
3
3
3
4
4
3
3
3
3
3
3
3
3
6
9
6
3
3
3
3
3
3
3
3
5
3
3
3
3
3
3
3
3
3
3
3
7
81
86
87
88
89
87
71
48
82
88
68
8
25
3
3
3
3
3
3
3
3
3
3
3
3
3
3
3
3
3
3
3
3
3
3
3
3
3
3
5
3
3
3
3
3
3
3
3
4
3
3
3
3
3
3
3
3
3
3
3
3
3
3
3
3
3
3
5
3
3
3
3
3
3
3
3
3
3
3
3
3
3
3
3
3
3
3
3
3
3
3
3
3
3
3
5
3
3
3
3
3
3
4
5
5
4
4
4
5
9
5
5
10
4
5
4
5
6
5
4
3
3
4
6
4
4
3
5
3
3
3
3
3
3
3
3
3
3
5
3
3
3
3
3
4
4
4
3
3
3
3
5
3
3
3
3
3
3
4
3
3
3
3
3
3
4
5
6
5
4
3
5
5
4
3
3
4
5
5
7
3
3
3
3
3
5
4
3
3
3
3
7
7
6
11
5
10
7
6
