14
6
15
6
14
6
15
6
14
6
15
6
14
6
15
6
15
11
15
6
15
6
15
6
15
6
15
6
15
6
15
6
15
6
15
6
15
6
15
6
15
6
15
6
16
6
15
6
15
6
15
6
15
6
14
6
15
6
15
6
14
6
15
6
14
6
14
6
15
6
15
6
15
6
15
6
15
7
15
6
15
6
15
6
15
6
15
6
15
6
15
6
16
6
15
6
15
6
15
6
15
6
15
6
15
6
14
6
14
6
15
9
15
7
14
6
15
6
14
6
15
6
15
6
15
6
15
6
15
6
14
6
14
6
15
6
15
6
14
6
15
6
15
6
14
6
14
6
15
6
15
6
15
6
14
6
15
6
14
6
15
6
14
6
15
6
15
6
14
6
15
6
15
6
15
6
14
6
15
6
14
6
15
6
15
6
15
6
15
6
15
6
15
6
15
6
15
6
15
6
15
6
15
6
15
6
15
6
15
6
15
6
15
6
15
6
15
6
15
6
15
6
15
6
15
6
15
6
15
6
15
6
15
7
15
6
15
6
15
6
15
6
15
6
15
6
14
6
15
6
15
6
15
6
15
6
15
6
15
6
15
6
16
6
15
6
15
6
15
6
15
6
15
6
15
6
15
6
15
6
15
6
15
6
17
7
16
6
