0
0
0
48
78
91
92
89
93
92
94
80
82
93
72
50
21
69
95
91
2
1
1
1
6
2
1
1
1
1
1
1
1
1
1
1
1
1
1
1
1
1
1
1
1
1
0
1
0
0
0
1
0
0
1
0
1
1
0
0
0
0
0
1
0
1
1
0
0
1
0
1
1
0
0
1
1
1
0
0
0
1
0
0
0
0
0
1
1
1
1
1
0
1
0
0
1
0
0
2
6
1
1
1
1
1
0
0
0
0
1
1
0
1
1
0
1
1
0
1
1
1
1
1
1
1
1
1
0
1
1
1
1
1
1
1
1
1
1
1
1
1
1
1
1
1
0
1
1
1
1
0
0
1
1
1
1
1
1
1
0
0
1
0
0
1
0
0
0
1
1
1
9
2
1
1
0
1
0
0
0
1
0
1
1
1
1
0
0
1
0
1
0
1
1
1
1
1
0
0
0
4
2
1
1
1
1
1
4
3
1
1
1
1
1
1
1
1
1
1
1
1
1
1
3
1
1
5
1
1
1
1
1
1
1
1
0
1
0
0
0
0
0
1
0
1
1
0
0
1
0
0
1
0
0
1
1
1
1
1
0
1
0
0
1
0
0
1
0
1
0
0
0
1
0
0
1
1
0
1
1
1
0
0
1
1
0
0
