3
3
3
3
3
3
3
3
3
3
3
3
3
3
3
3
3
3
7
3
3
3
3
3
3
3
3
3
3
3
3
3
4
3
3
3
3
3
3
3
4
4
3
3
3
3
3
3
3
3
3
3
3
6
4
3
3
3
3
7
3
3
3
3
3
3
3
3
3
3
3
3
3
3
3
3
3
3
3
3
3
3
3
3
3
4
4
3
3
3
3
3
3
3
3
3
3
3
3
3
3
3
3
3
3
3
3
3
3
3
3
3
3
3
3
3
3
4
4
4
4
4
4
4
4
4
4
4
4
4
4
4
4
4
4
4
4
8
3
5
4
4
4
4
5
5
5
5
5
5
5
5
5
5
5
5
4
4
3
4
4
4
4
4
3
4
4
3
4
4
3
4
4
4
3
3
3
4
3
4
3
3
4
4
3
4
3
4
4
3
3
4
3
4
3
4
4
4
3
4
3
3
3
3
4
4
3
4
4
4
4
3
4
4
3
3
3
3
4
4
4
4
3
3
3
3
3
3
3
3
3
3
3
4
3
3
4
3
4
4
3
3
3
4
3
4
4
3
4
6
5
5
5
4
4
4
4
5
4
7
3
3
3
3
3
3
3
3
3
3
3
3
3
3
3
3
3
3
3
3
3
3
3
3
3
3
3
3
