101
104
77
1
2
87
104
44
0
0
0
0
25
22
56
38
104
104
104
95
9
0
0
4
87
103
104
103
66
22
96
97
98
97
31
25
99
98
101
101
29
46
100
99
100
91
6
59
102
101
100
61
7
95
101
95
84
46
14
97
100
90
85
25
51
99
102
101
71
6
94
102
102
95
29
50
86
96
99
68
1
6
70
98
80
79
97
96
97
85
3
64
97
98
97
91
5
82
86
102
103
77
1
1
1
41
84
101
101
100
26
1
1
1
49
98
100
102
91
16
6
64
97
95
97
69
0
0
0
5
89
97
97
98
26
1
1
1
36
93
100
98
77
10
1
63
98
100
100
78
1
1
1
31
85
95
100
88
15
1
1
1
14
86
90
95
96
59
1
49
96
99
99
90
6
1
1
47
96
95
96
79
79
4
86
98
100
93
50
2
67
95
97
96
79
8
58
95
97
96
95
16
27
56
57
85
84
48
67
81
61
61
68
54
52
48
38
64
57
58
63
85
84
81
82
57
84
93
85
89
95
61
11
1
35
77
84
87
80
69
51
35
32
84
82
74
75
60
10
1
10
15
7
87
96
97
97
98
67
2
2
61
99
99
98
94
6
39
100
100
99
99
15
36
100
99
101
93
19
26
57
66
100
84
57
78
35
32
