100
99
59
0
30
102
103
44
0
0
1
1
25
24
56
39
103
103
103
94
9
0
0
5
90
92
95
94
41
1
8
91
94
95
96
26
6
85
95
94
96
53
3
85
96
98
102
40
8
74
97
100
101
44
13
70
94
100
99
54
24
75
95
99
86
43
30
85
94
96
80
44
28
68
83
72
82
60
60
94
82
57
68
58
98
102
88
58
37
65
103
103
85
61
78
63
103
94
58
55
2
2
53
97
102
102
76
20
1
42
57
57
49
1
1
1
1
15
98
99
101
102
33
1
0
0
30
100
102
103
92
4
3
91
100
98
100
46
1
2
1
25
96
98
98
92
8
0
0
0
17
98
97
99
97
20
1
55
98
96
100
74
1
1
1
19
89
97
98
92
25
1
1
1
4
89
100
92
88
41
1
31
96
97
97
90
8
2
71
95
91
90
78
13
70
94
98
97
63
15
26
56
56
49
21
50
53
76
76
51
29
7
56
74
83
74
29
17
2
1
9
55
54
63
65
34
66
92
87
77
80
84
80
32
28
14
72
81
83
80
82
71
66
2
1
1
13
92
96
98
99
66
1
1
6
91
99
99
99
5
2
60
96
97
91
87
10
28
58
67
98
82
57
50
55
58
58
78
100
59
58
67
79
58
74
102
62
58
