102
102
82
1
2
87
104
44
0
0
0
0
25
22
56
56
104
104
104
87
10
29
29
33
90
84
84
70
1
0
8
96
99
98
98
33
6
92
97
97
98
31
1
59
98
97
97
67
1
52
80
80
82
27
26
66
95
81
84
70
27
84
95
85
93
43
32
92
85
85
96
33
27
59
56
84
96
63
61
47
27
27
77
76
84
92
99
96
93
66
28
57
95
95
82
81
62
29
29
58
86
84
84
27
5
1
0
0
52
99
99
99
96
12
1
65
97
98
98
82
2
0
0
8
92
98
97
96
52
6
89
98
97
95
38
1
1
1
38
98
97
89
89
17
1
62
96
97
97
88
5
1
0
26
88
97
97
88
32
2
2
0
14
97
97
91
93
27
0
50
99
101
103
86
3
0
0
47
89
98
104
83
7
4
91
102
103
103
51
0
52
90
94
104
83
8
0
0
3
82
94
91
97
37
1
71
80
79
85
77
17
21
78
97
98
98
58
20
1
1
9
81
73
71
75
24
40
96
93
94
94
96
84
7
1
11
92
96
97
97
99
101
101
80
6
1
14
89
94
89
92
66
1
1
5
88
99
99
97
59
1
58
97
96
95
85
5
36
85
89
96
77
29
56
86
86
85
56
28
40
56
65
88
65
57
65
28
31
