103
103
103
103
99
16
11
36
1
1
1
1
51
103
103
103
103
71
6
85
103
103
103
56
1
77
93
95
96
48
2
80
101
101
101
58
2
74
96
97
97
67
5
73
96
96
99
63
11
75
79
80
78
29
41
86
84
81
84
43
39
83
81
84
88
45
34
80
92
86
87
62
29
58
57
81
90
72
57
22
3
55
96
97
90
47
92
97
84
71
18
55
80
82
88
73
35
28
2
37
82
83
82
34
1
1
1
1
53
97
97
97
97
27
1
64
96
98
98
79
1
1
1
9
94
97
98
97
53
6
90
96
96
99
46
1
1
1
35
87
101
99
87
18
2
62
97
99
100
90
12
1
2
31
86
95
100
92
33
1
2
2
15
86
90
94
96
79
1
50
100
99
99
95
17
2
1
51
99
99
99
82
3
7
88
96
97
97
51
1
72
95
96
97
76
1
18
27
32
70
91
75
75
59
4
37
93
94
97
94
38
6
30
83
96
96
89
54
1
1
1
10
92
93
94
95
60
17
91
92
94
97
69
6
20
96
92
96
97
98
83
3
7
90
97
101
103
98
50
1
1
1
6
94
101
100
98
97
45
2
1
65
97
97
98
86
3
41
85
91
101
68
29
60
86
86
83
42
27
45
58
70
94
67
58
76
30
35
