98
98
99
99
93
7
10
39
0
0
1
1
51
103
103
103
103
77
6
89
102
101
102
69
7
90
97
97
95
2
9
96
101
101
101
38
7
95
96
96
97
57
1
65
99
96
96
57
1
59
96
96
96
29
1
49
97
96
97
79
6
67
97
98
98
61
5
74
79
79
92
38
27
68
57
72
88
56
56
54
24
55
85
94
95
57
82
56
77
95
75
55
31
4
76
90
98
98
30
2
1
3
84
97
103
103
89
1
0
56
96
102
102
79
4
0
0
14
85
100
101
102
45
0
0
0
31
83
91
101
91
22
15
80
98
91
100
62
1
1
1
14
87
97
98
88
48
1
1
1
17
98
99
91
87
43
3
51
98
95
101
85
1
1
1
19
88
96
101
94
35
1
1
1
4
90
99
88
87
59
1
31
99
102
100
101
11
11
79
91
98
93
63
3
86
96
96
98
66
6
28
73
80
73
56
13
28
68
75
70
53
20
1
48
87
99
101
77
55
4
1
5
5
2
2
80
96
96
96
61
2
79
97
97
96
58
3
27
27
27
64
74
83
76
55
1
1
1
15
91
92
96
99
45
1
1
24
96
97
96
99
93
30
4
87
99
100
101
57
13
92
101
102
100
47
27
29
55
82
87
83
83
51
14
13
64
83
85
