101
102
103
103
97
29
8
28
1
1
0
1
51
103
103
103
103
80
11
85
102
103
103
54
2
79
102
102
103
8
1
28
76
96
94
92
53
22
57
70
74
82
76
34
68
72
58
63
56
51
69
71
50
26
18
65
79
83
80
33
50
82
88
86
69
20
53
74
78
76
56
73
84
88
84
37
46
75
74
84
81
10
54
93
89
96
89
33
41
97
99
92
67
4
86
98
98
98
14
1
1
2
84
99
100
94
80
5
1
63
100
101
98
85
4
1
1
15
98
102
100
98
49
1
1
1
30
100
100
100
100
19
10
80
96
93
102
73
1
1
1
19
93
103
102
101
36
1
2
2
18
101
102
100
93
36
4
51
98
102
91
92
6
1
1
21
97
102
101
93
42
1
2
1
3
89
98
95
98
63
2
32
96
97
91
96
25
2
51
87
87
92
74
34
47
95
90
86
79
34
2
72
84
83
70
28
27
83
86
79
82
44
2
27
51
91
96
87
79
3
1
8
1
24
4
81
98
94
88
73
2
80
100
100
99
61
3
67
75
74
81
15
5
59
79
75
75
2
1
18
96
97
97
97
95
17
1
1
1
4
90
98
97
96
97
31
6
92
99
99
99
99
32
1
1
10
96
96
97
98
45
1
1
1
67
97
96
96
