104
104
104
104
103
16
10
40
0
0
0
0
52
104
104
104
104
85
6
75
104
104
104
68
3
69
92
93
94
75
2
50
86
95
93
60
30
42
74
82
84
51
29
36
78
62
57
52
29
58
80
57
57
15
12
66
79
84
65
26
74
86
96
79
60
27
53
78
79
73
53
62
82
92
83
33
48
83
86
85
55
1
90
97
96
97
94
20
45
98
98
98
90
28
54
60
96
97
68
56
27
2
2
70
76
75
75
42
1
1
1
33
97
98
100
98
42
1
1
1
48
98
101
102
100
16
2
81
100
100
100
58
1
1
1
7
86
85
97
93
58
1
1
1
17
94
98
99
99
51
1
41
96
93
93
96
4
1
0
13
97
97
97
103
45
0
0
0
1
71
101
105
104
66
3
91
102
102
102
64
0
81
96
102
100
101
30
2
81
100
90
84
68
6
76
99
100
100
84
9
50
75
76
79
27
12
53
81
83
91
75
44
2
42
89
98
97
78
55
12
1
8
1
27
23
76
95
97
90
52
28
88
80
79
77
28
4
71
80
79
42
4
5
60
76
79
78
26
1
14
100
102
101
100
100
46
1
0
1
8
95
99
96
97
97
58
4
87
101
101
100
102
61
1
50
63
99
96
96
58
19
10
56
56
86
93
57
60
