103
104
103
103
41
33
87
41
0
0
0
0
51
103
103
104
104
81
5
74
104
102
104
65
1
69
103
103
104
70
9
28
85
104
102
87
29
24
88
103
104
96
20
9
86
87
86
60
29
40
85
58
58
14
12
71
87
86
56
29
39
87
70
58
50
29
47
104
88
87
72
29
29
78
87
87
72
29
29
28
3
81
87
89
78
31
93
104
88
82
38
62
87
82
84
40
29
29
4
30
58
58
57
55
58
58
56
2
36
58
58
58
1
1
1
70
105
104
104
82
2
0
0
9
100
104
104
104
49
6
97
104
104
104
32
0
0
0
40
104
104
104
93
5
1
69
104
104
104
82
1
0
0
35
104
104
104
99
9
0
0
0
14
102
104
104
104
32
0
54
104
104
104
84
1
0
0
55
104
104
104
83
1
4
93
104
104
104
60
0
76
104
104
104
60
0
39
86
86
90
53
29
29
14
1
68
87
103
103
41
29
8
82
86
86
52
1
4
1
0
8
84
86
86
65
2
42
104
104
104
104
102
71
1
0
11
101
104
105
104
104
104
104
51
0
0
14
103
104
104
104
50
0
0
5
94
104
104
104
48
1
64
104
104
104
77
1
0
0
13
102
104
104
104
36
6
57
80
104
103
60
58
25
0
42
93
104
104
