103
103
103
104
102
27
9
39
0
0
0
0
13
102
103
103
103
38
49
103
103
104
85
4
91
103
104
103
49
0
8
100
102
104
101
41
6
96
103
103
102
32
0
63
103
103
103
70
1
56
86
86
83
3
4
67
104
103
99
46
1
63
86
86
91
37
35
83
58
59
66
29
29
79
86
86
85
33
29
29
15
55
81
88
92
58
75
86
72
87
60
58
43
32
58
59
86
67
35
26
0
2
53
58
58
83
64
58
58
46
29
29
29
2
46
86
86
86
27
0
1
70
103
104
103
72
0
0
0
6
96
103
104
103
34
0
0
0
39
103
103
103
89
5
1
68
103
103
102
83
0
0
0
35
103
102
103
100
15
0
0
0
14
101
103
102
103
25
0
53
103
103
103
84
2
0
0
55
103
103
103
80
0
4
92
103
103
103
56
0
76
103
103
103
78
1
40
58
60
67
65
58
58
38
0
41
103
103
103
89
10
0
1
84
103
102
103
84
1
0
0
10
101
103
102
103
37
21
103
103
103
103
36
0
19
86
86
86
86
36
20
29
32
99
92
86
86
68
2
0
0
0
4
93
102
103
103
103
72
0
0
0
0
31
103
103
103
103
101
12
13
29
29
30
91
93
86
86
78
21
29
41
102
93
86
72
1
4
