104
104
104
103
98
9
1
15
0
0
0
0
12
101
103
103
102
49
47
103
103
103
96
6
36
102
102
103
86
13
8
85
101
103
101
36
10
73
99
103
102
52
12
56
87
87
58
30
29
71
84
58
44
0
12
76
102
103
102
46
24
71
87
83
53
29
41
85
63
59
57
29
29
69
87
86
80
29
29
29
9
55
81
87
61
58
84
87
94
76
29
58
76
58
85
48
57
56
29
20
0
2
53
58
58
83
59
58
58
26
0
0
0
0
51
101
102
102
103
26
1
70
103
103
103
80
0
0
0
0
0
0
23
101
102
102
95
6
1
79
102
102
103
54
0
0
0
24
103
103
103
98
6
0
0
0
17
102
103
103
100
22
0
57
102
103
102
69
0
0
0
29
102
103
103
93
9
0
0
0
1
56
104
104
104
76
0
21
39
77
104
95
86
45
30
92
104
104
85
34
1
29
56
87
75
84
42
29
52
87
87
86
35
0
1
12
15
101
103
104
103
103
103
102
102
103
102
104
102
101
101
103
39
0
53
87
88
104
61
29
62
59
61
58
16
0
0
0
16
102
103
103
103
43
0
0
29
103
102
104
103
95
23
4
92
103
103
102
49
12
94
103
102
102
38
24
57
73
87
82
58
53
29
7
19
82
87
88
