58
58
58
58
62
58
58
36
0
0
0
0
13
102
102
103
101
24
34
103
103
101
101
12
8
98
103
103
102
15
7
79
100
102
99
33
2
70
98
101
102
46
14
32
86
87
83
34
29
48
87
60
54
19
12
71
87
86
60
34
53
87
76
58
31
34
70
101
91
75
40
20
29
82
102
87
92
40
29
29
6
55
81
87
57
57
81
87
94
60
29
58
70
58
84
49
57
53
29
24
1
2
53
58
57
73
31
29
29
64
87
87
84
9
0
0
0
14
102
104
103
104
47
0
0
0
30
103
104
104
99
17
2
88
104
104
104
67
0
0
0
19
103
103
104
103
26
0
0
0
17
103
103
104
103
20
0
55
103
104
103
90
2
0
0
24
104
104
104
102
27
0
0
0
3
55
58
58
44
1
1
24
58
57
98
85
58
55
5
39
58
58
52
35
59
100
104
93
58
16
30
57
74
68
47
56
42
57
64
57
48
35
72
58
58
24
13
58
58
58
65
104
104
102
104
81
69
104
103
103
103
87
38
0
22
40
103
104
95
86
86
84
51
0
0
0
16
103
104
104
104
53
0
1
5
95
103
105
104
58
0
0
0
31
104
103
104
104
102
10
27
87
87
87
102
52
29
45
54
54
87
83
58
19
13
82
103
103
