104
103
104
93
20
33
87
42
0
0
0
0
0
42
105
103
104
96
8
58
104
104
103
94
4
50
94
104
104
75
20
0
62
87
87
85
33
29
75
77
58
65
31
53
87
65
57
28
29
59
87
62
52
19
12
71
87
87
52
31
38
95
100
87
65
1
18
85
87
87
73
29
29
71
87
87
68
31
29
28
3
55
81
87
57
58
84
87
93
67
29
58
74
58
84
46
57
58
33
24
0
1
53
58
58
58
8
0
0
66
104
104
104
92
4
0
0
14
102
104
104
104
37
0
0
0
29
104
104
104
99
10
2
88
104
104
104
60
0
0
0
19
103
104
103
102
18
0
0
0
16
103
104
104
102
25
0
55
103
104
104
85
0
0
0
24
103
104
104
103
29
0
0
0
0
42
105
104
104
86
2
0
0
58
104
103
104
73
0
62
104
104
104
79
2
85
104
103
104
58
1
52
74
87
70
56
34
81
75
58
48
6
57
58
58
38
13
58
58
58
65
104
104
104
103
80
62
103
104
104
84
28
0
0
39
104
104
104
98
76
5
0
4
92
104
102
104
104
43
0
0
0
3
56
58
58
58
38
0
0
0
0
0
31
104
104
104
104
100
12
13
29
29
30
91
87
87
86
62
15
29
41
103
97
87
72
1
4
