103
104
103
88
29
54
89
42
0
0
0
0
0
42
103
103
103
104
26
58
104
104
103
95
5
47
93
104
103
75
26
28
74
87
80
59
29
53
96
99
85
58
10
30
87
86
81
50
29
40
86
58
58
22
4
70
87
87
55
29
29
77
73
58
61
29
41
99
92
86
54
0
0
61
87
96
104
38
29
17
2
54
93
103
102
60
80
58
70
71
58
70
74
52
55
31
57
56
29
18
0
2
53
58
58
48
0
0
0
66
103
103
103
69
0
0
0
0
0
0
50
103
103
102
94
6
1
84
102
103
103
57
0
0
0
8
98
103
104
102
42
0
0
0
17
102
104
103
102
34
0
43
103
103
103
94
9
0
0
14
102
103
103
103
41
0
0
0
1
80
103
104
103
66
0
43
103
104
103
96
5
0
0
58
104
104
104
87
2
63
103
104
103
79
1
70
96
104
103
55
14
0
27
58
58
90
84
58
72
46
29
34
64
58
58
42
12
58
58
58
58
66
103
104
104
104
68
64
103
104
89
51
1
0
0
10
58
58
58
57
86
102
85
58
42
1
1
1
17
102
102
103
102
35
1
1
30
102
103
102
103
100
17
5
92
102
102
102
51
9
54
103
102
103
87
71
6
35
86
94
103
102
80
16
25
86
86
88
