102
102
101
102
53
32
66
43
1
1
1
1
0
42
102
102
102
97
24
57
102
102
101
93
11
14
55
94
93
88
74
4
27
55
55
63
79
55
55
47
1
30
55
80
91
78
55
49
27
61
93
85
79
50
5
47
79
80
78
63
27
58
73
56
71
40
39
75
56
57
63
27
27
65
56
72
86
63
56
52
18
52
76
86
71
56
83
82
85
59
27
44
55
56
82
80
56
55
23
28
55
56
56
63
56
56
55
4
1
1
0
32
89
89
102
103
51
1
1
2
51
103
103
103
97
10
1
82
103
103
103
60
1
1
2
9
97
103
103
103
41
1
1
1
19
102
103
103
103
42
1
43
103
103
103
100
15
1
2
15
101
103
103
103
46
1
1
1
2
79
103
103
103
77
1
42
103
103
103
101
6
1
1
59
103
103
103
94
4
59
103
103
103
94
7
24
76
103
103
98
64
1
27
57
58
96
78
55
68
40
27
33
90
79
79
78
9
2
1
1
8
91
96
96
96
55
12
94
95
95
94
95
94
33
2
11
92
95
94
95
95
95
95
61
1
1
14
95
96
96
96
56
1
1
6
87
96
97
97
58
1
1
2
30
100
101
101
101
98
17
1
2
16
36
101
102
102
98
13
15
29
39
100
93
86
84
11
4
