102
103
103
78
26
80
88
43
0
0
0
0
0
41
101
101
102
97
3
57
102
101
102
83
4
26
81
102
102
96
45
1
61
86
86
91
41
29
75
69
58
60
29
53
85
58
57
29
29
59
83
58
53
8
4
72
86
86
67
35
29
85
93
86
76
1
22
86
86
86
67
29
29
75
86
86
75
29
30
29
6
56
82
86
59
58
83
86
92
74
30
62
72
58
83
40
57
57
29
28
1
0
1
74
86
86
71
7
0
0
0
34
101
102
103
102
53
0
0
0
57
102
101
102
94
6
3
82
103
102
104
48
0
0
0
12
101
102
103
101
33
0
0
0
23
102
101
102
102
37
0
43
102
103
102
94
5
0
0
14
103
101
102
101
37
0
0
0
1
86
102
102
103
66
0
50
102
102
102
94
8
0
0
64
103
103
102
86
3
65
102
103
103
75
1
26
68
102
103
94
58
0
0
0
1
78
102
103
102
57
0
0
0
0
40
102
103
102
102
15
8
29
29
49
60
60
89
103
84
58
59
79
58
58
48
16
58
58
58
58
79
83
35
29
6
0
0
0
23
102
103
102
102
27
0
0
26
58
58
58
57
9
0
6
57
58
58
70
58
58
78
65
58
59
100
74
58
58
45
29
58
58
56
12
24
94
102
102
