86
73
1
1
59
103
103
43
1
1
1
1
1
43
103
103
103
95
10
59
103
103
103
85
1
27
74
103
103
94
53
1
42
58
57
74
66
57
78
57
29
60
59
79
85
40
29
43
58
86
102
66
54
27
5
69
86
86
58
38
29
87
101
86
86
18
18
84
86
86
76
29
29
74
86
86
83
32
29
29
8
55
80
86
69
54
80
86
93
83
30
58
69
58
84
44
57
53
29
22
1
1
1
69
86
86
81
11
1
1
1
36
103
102
103
103
34
1
1
1
52
103
103
103
96
3
2
84
102
103
103
54
1
1
1
8
99
103
103
103
34
1
1
1
19
103
102
103
103
31
1
44
102
103
103
99
7
1
1
15
101
102
103
103
34
1
1
1
2
81
102
103
103
62
1
43
103
103
103
96
4
1
1
59
103
103
103
86
1
47
103
103
103
102
10
1
66
103
103
103
81
1
36
86
86
86
58
27
55
88
79
78
63
1
1
1
14
93
95
94
93
95
95
97
96
96
97
96
96
96
96
97
61
0
37
62
83
96
81
57
71
57
40
76
67
57
56
6
1
14
96
98
97
97
96
36
1
0
0
2
85
100
100
99
100
61
3
90
101
102
102
102
65
1
71
89
103
102
100
49
7
13
71
75
87
90
38
31
