98
92
34
8
79
97
97
41
0
0
0
0
0
38
98
98
98
98
11
0
34
98
98
98
97
25
59
98
98
98
86
1
44
55
55
57
55
55
71
31
28
51
55
78
72
28
10
46
56
85
78
55
47
35
34
70
60
55
44
55
55
85
61
55
50
28
41
68
55
53
41
28
28
52
55
73
62
55
50
22
8
55
77
82
46
55
80
82
66
33
28
46
55
38
81
58
55
31
0
38
55
55
26
54
55
55
31
1
0
0
0
59
98
98
98
97
10
0
0
0
74
98
98
98
63
0
9
98
98
98
98
29
0
0
0
29
98
98
97
96
4
0
0
0
42
98
98
98
98
12
0
67
98
98
98
70
0
0
0
38
98
98
97
98
14
0
0
0
6
97
98
98
98
30
0
66
98
98
98
76
0
0
0
81
98
98
97
63
0
69
98
98
98
75
0
0
88
98
98
98
46
0
64
98
98
98
87
1
51
82
82
73
4
0
0
1
14
96
98
98
98
98
98
98
98
98
98
98
98
98
97
98
43
0
68
82
84
98
34
28
58
55
56
97
61
55
30
0
0
37
98
98
98
98
98
14
0
0
0
7
55
55
55
55
10
0
10
83
98
97
98
89
13
4
54
66
97
98
96
56
7
0
0
0
87
98
98
98
