68
8
0
0
68
98
98
41
0
0
0
0
0
37
98
98
98
91
1
0
27
98
98
98
94
15
32
55
55
44
19
55
73
82
41
28
31
82
81
55
22
15
28
92
98
87
70
5
1
72
98
98
98
43
0
57
82
82
50
28
28
71
57
55
45
28
43
91
82
80
22
0
0
74
82
93
82
28
36
35
28
29
76
82
79
93
82
82
65
5
28
80
98
97
82
30
0
0
0
56
82
82
48
0
0
0
0
0
78
98
98
98
75
0
0
0
0
0
0
0
1
92
98
98
98
39
0
0
0
0
0
0
47
98
98
98
78
0
6
98
98
98
98
35
0
0
0
49
98
98
98
83
0
0
0
0
41
98
98
98
95
4
0
80
98
98
97
55
0
0
0
53
98
97
98
80
0
0
0
0
0
78
98
98
98
58
0
28
98
98
98
94
25
23
97
98
98
97
26
8
28
28
45
29
28
22
0
0
0
0
0
1
0
0
58
97
98
98
89
1
9
28
28
44
33
34
85
98
86
82
73
36
28
28
23
28
82
82
82
82
82
54
0
0
0
0
38
98
98
98
98
23
0
0
22
98
98
98
98
26
1
0
0
55
98
98
98
98
78
0
0
0
0
60
98
98
98
80
1
50
82
82
62
0
14
53
55
64
