97
24
0
0
53
98
98
41
0
0
1
0
0
14
97
98
98
98
35
0
12
96
98
98
97
27
19
55
55
60
38
55
54
29
6
25
82
97
98
64
20
43
82
96
98
61
27
41
55
89
94
57
51
1
4
71
98
98
94
45
1
48
82
82
77
28
28
74
55
56
58
28
28
55
55
71
61
55
54
28
4
0
55
82
83
98
58
28
51
57
82
89
68
51
53
31
54
53
27
32
28
28
22
0
0
42
82
82
79
18
0
0
0
0
50
98
98
98
92
8
0
0
0
0
0
0
0
0
0
0
0
0
0
0
0
0
0
0
0
0
0
0
0
0
0
0
0
0
0
0
0
0
0
0
0
0
0
0
0
0
0
0
0
0
0
0
0
0
0
0
0
0
0
0
0
0
0
0
0
0
0
0
0
1
76
98
98
98
78
3
0
1
0
51
98
98
98
83
16
34
82
98
91
63
24
13
55
81
89
78
53
27
14
49
55
55
34
4
3
0
0
9
55
66
72
55
54
57
82
82
73
42
28
28
20
0
2
28
28
28
46
55
55
93
71
55
48
1
0
0
0
0
0
0
4
54
55
55
29
0
0
0
0
0
0
0
0
38
98
98
98
95
11
35
98
98
98
85
6
32
82
82
82
12
12
50
55
58
