97
92
11
0
56
98
98
41
0
0
0
0
0
14
97
98
98
97
22
0
10
96
98
98
98
27
38
82
82
72
11
28
67
82
63
46
28
54
75
62
42
32
28
72
81
55
33
17
28
70
98
83
75
21
4
48
82
82
59
30
28
60
65
55
54
28
39
69
55
56
42
28
28
45
55
71
75
55
55
32
0
0
55
82
83
96
38
28
46
57
82
91
75
48
28
12
50
55
55
33
0
0
0
0
0
47
97
97
98
98
28
0
0
0
50
98
97
98
97
7
0
0
0
0
0
0
0
0
0
0
0
0
0
0
0
0
0
0
0
0
0
0
0
0
0
0
0
0
0
0
0
0
0
0
0
0
0
0
0
0
0
0
0
0
0
0
0
0
0
0
0
0
0
0
0
0
0
0
0
0
0
0
0
1
76
97
97
97
77
0
0
0
0
54
98
97
97
75
3
14
81
97
98
87
26
15
82
82
90
54
28
28
4
69
82
82
50
0
0
0
0
11
95
97
97
97
22
18
97
97
97
97
31
0
19
97
97
97
97
97
23
0
4
88
97
97
97
97
25
0
0
0
0
0
0
0
0
0
0
0
0
0
0
0
0
0
0
39
97
97
97
90
2
35
97
97
97
91
5
24
55
55
43
0
19
78
82
84
