98
98
98
97
17
34
55
34
0
0
0
0
0
38
98
98
98
93
3
0
23
98
98
98
98
17
14
28
28
40
46
82
82
56
6
25
58
97
98
84
53
18
28
92
98
87
80
4
1
72
98
98
98
48
1
51
82
82
59
28
28
65
60
55
45
28
41
68
55
55
36
28
28
51
55
73
66
55
63
53
28
25
47
59
85
98
60
48
38
41
82
93
91
67
28
19
55
55
54
26
0
0
4
80
82
81
36
1
0
0
0
58
98
98
98
97
8
0
0
0
0
0
0
0
0
0
0
0
0
0
0
0
0
0
0
0
0
0
0
0
0
0
0
0
0
0
0
0
0
0
0
0
0
0
0
0
0
0
0
0
0
0
0
0
0
0
0
0
0
0
0
0
0
0
0
0
0
0
0
0
0
0
0
5
97
98
98
98
54
0
0
0
0
78
98
98
98
63
15
86
98
98
89
26
3
81
83
98
83
28
21
20
82
82
82
13
0
0
0
0
25
82
82
82
23
3
53
97
97
97
97
97
82
6
0
10
95
97
97
97
97
97
97
36
0
0
38
98
98
98
98
20
0
0
0
0
0
0
0
0
0
0
0
0
0
0
0
64
98
98
98
88
2
60
98
98
98
66
0
50
82
82
68
0
14
93
98
98
