11
12
14
70
77
65
79
20
12
9
9
37
47
63
14
23
11
32
69
22
47
11
11
51
75
46
32
11
18
56
73
51
20
11
21
48
87
49
86
26
31
34
89
53
11
11
39
28
86
55
11
11
41
42
91
40
11
14
46
35
91
31
10
36
24
60
88
12
11
49
33
36
92
14
38
36
36
30
60
11
50
67
17
50
27
59
13
33
32
50
66
38
10
52
11
52
61
26
37
22
11
52
52
9
39
19
10
46
56
11
34
27
10
44
59
11
23
38
10
44
59
9
18
42
10
42
63
9
15
45
10
44
64
9
15
44
10
42
63
10
25
36
10
32
73
11
27
32
10
25
65
22
34
27
10
28
70
16
22
39
11
28
72
15
27
33
10
16
86
16
30
29
10
17
76
22
45
17
10
10
80
30
45
33
10
10
57
83
48
64
16
13
38
69
50
47
54
12
53
50
53
35
24
10
66
39
54
33
27
13
52
50
48
35
63
68
67
62
44
22
71
34
54
18
23
41
54
45
12
15
67
14
12
79
67
43
52
11
11
41
22
73
79
12
20
21
40
23
51
70
20
14
49
15
48
30
31
11
12
51
63
15
33
39
11
16
72
25
25
75
36
52
41
64
14
46
37
60
37
42
36
40
11
43
68
13
13
47
