17
13
9
14
12
12
14
12
11
16
13
15
11
13
10
10
18
21
12
11
9
12
12
12
15
15
11
10
5
5
4
8
7
9
15
9
8
3
2
6
3
4
1
2
2
3
2
2
2
1
1
1
1
1
1
1
2
1
1
1
1
1
1
1
1
2
4
5
3
1
1
1
1
1
2
1
1
1
1
3
2
2
2
2
1
1
1
1
2
1
1
1
1
1
1
1
1
1
2
1
1
1
1
1
1
1
1
1
1
2
2
1
1
2
2
2
2
2
2
2
2
3
2
2
2
2
2
2
2
2
2
3
2
2
2
2
2
9
1
2
2
3
1
1
1
1
1
1
1
1
1
2
1
1
1
1
1
1
1
7
1
1
1
2
1
1
1
1
1
1
1
1
1
1
2
1
1
1
1
1
1
1
1
1
1
1
2
1
1
1
1
1
1
1
1
1
1
2
2
1
1
1
1
2
1
1
2
11
6
4
8
13
10
4
10
8
7
12
8
6
17
20
8
13
16
14
16
12
10
17
11
16
17
23
11
10
8
12
18
20
13
11
14
16
19
22
12
19
34
19
13
12
10
13
7
8
7
7
9
8
11
14
14
13
13
10
13
19
14
11
9
14
16
18
19
15
19
14
16
17
12
11
14
13
9
12
13
14
