1
0
1
0
1
1
1
0
1
0
1
1
1
0
1
0
1
1
1
1
1
0
1
1
1
1
1
1
1
1
1
1
1
1
1
1
1
1
1
1
1
1
1
1
1
1
1
1
1
1
1
1
0
1
1
1
0
1
0
1
1
1
0
1
0
1
1
1
1
1
0
1
1
1
0
1
0
1
1
1
0
1
1
1
1
1
0
1
0
1
1
1
0
1
0
1
1
1
0
1
0
1
1
1
0
1
0
1
1
1
0
1
0
1
1
1
0
1
0
1
1
1
0
1
0
1
1
1
0
1
0
1
1
1
0
1
0
1
1
1
0
1
0
1
1
1
0
1
0
1
1
1
0
1
0
1
1
1
0
1
0
1
1
1
0
1
0
1
1
1
0
1
0
1
1
1
0
1
0
1
1
1
1
1
0
1
1
1
0
1
0
1
1
1
0
1
0
1
1
1
0
1
0
1
1
1
0
1
0
1
1
1
0
1
0
1
1
1
0
1
1
1
1
1
1
1
1
4
12
3
3
7
2
4
3
3
2
3
2
5
2
3
6
11
4
3
3
3
2
3
2
3
3
3
2
3
3
6
6
3
3
3
3
3
3
3
3
3
5
3
3
3
3
9
7
6
11
7
4
6
4
4
4
4
4
4
4
5
