11
14
12
12
14
18
18
6
1
1
1
1
1
1
2
3
8
3
4
2
3
3
4
7
6
7
2
2
2
6
2
2
4
5
3
7
9
10
8
5
2
2
2
2
2
1
2
2
1
1
1
1
1
1
1
1
1
2
2
2
2
2
2
2
2
2
2
2
2
1
1
1
1
2
2
2
2
1
2
2
2
2
2
1
1
1
2
1
2
1
2
2
2
1
1
1
1
1
2
4
1
1
1
1
1
1
3
2
1
1
1
1
1
1
1
1
1
1
1
2
2
1
1
1
1
1
4
8
1
1
1
1
1
1
1
1
1
1
1
1
1
1
1
1
1
1
1
1
1
1
1
1
1
1
2
1
1
1
1
1
1
1
1
1
1
1
1
1
1
1
1
1
1
1
1
1
1
1
1
1
1
1
2
1
1
1
1
1
2
2
2
2
2
2
2
4
1
1
1
2
2
2
1
1
1
1
1
1
2
2
2
3
3
3
2
2
2
3
3
3
3
3
3
2
2
2
2
1
2
2
1
2
1
1
2
5
7
3
8
16
9
4
10
14
15
14
4
4
3
3
5
7
9
8
10
14
15
17
7
7
11
18
21
19
15
1
1
4
7
4
3
5
6
2
4
24
24
30
27
28
24
6
3
3
5
3
1
1
