8
18
5
6
11
5
4
4
6
4
8
17
3
19
12
7
7
4
8
9
4
3
14
5
4
4
4
3
4
6
5
7
5
4
6
3
3
3
3
4
3
4
2
4
2
2
2
2
2
2
2
2
2
2
2
2
2
2
2
2
2
2
2
2
2
2
2
2
2
2
2
2
2
2
2
2
2
2
2
2
2
2
2
2
2
2
2
2
2
2
2
5
2
2
2
2
2
2
2
2
2
2
2
2
2
2
4
3
2
2
2
2
2
2
2
2
2
2
2
2
2
2
2
2
2
2
2
6
2
2
2
2
2
2
2
2
2
2
2
2
2
2
2
3
2
2
2
2
2
2
2
2
2
2
2
2
2
2
2
2
2
2
2
2
2
2
2
2
2
2
2
2
2
2
2
2
2
2
2
2
2
2
2
2
2
2
6
2
2
2
2
2
2
2
2
2
2
3
3
2
2
4
3
10
8
3
2
2
2
2
3
11
2
2
14
12
11
15
14
2
2
4
3
2
2
2
3
2
9
7
6
4
5
5
6
10
7
11
2
2
2
3
2
9
7
5
4
4
3
9
3
4
4
3
3
3
2
3
4
11
10
3
6
4
6
11
8
3
8
4
3
7
11
6
5
4
3
12
4
8
5
8
7
11
9
7
5
4
