30
35
26
46
52
46
14
45
72
36
29
5
4
5
4
9
20
10
13
31
24
14
19
23
12
31
28
12
8
8
7
8
7
7
7
7
7
7
7
7
7
7
7
6
7
7
7
7
7
7
7
7
7
7
6
6
6
6
6
6
6
6
6
6
6
6
6
6
6
6
6
6
6
6
6
6
6
6
6
6
7
6
6
6
7
8
6
6
6
6
6
6
6
6
6
6
7
6
10
7
6
6
6
6
5
5
9
11
12
8
7
7
7
7
7
7
7
7
6
7
8
6
6
6
6
6
6
6
6
6
6
6
6
6
6
6
6
9
5
5
6
6
7
6
6
7
6
6
9
5
5
5
5
5
8
6
6
6
7
6
7
6
6
6
6
6
6
6
6
6
6
6
6
6
6
6
6
6
6
6
6
6
6
6
5
5
5
5
5
5
5
4
4
4
6
4
4
3
3
3
4
4
4
4
4
5
2
3
2
3
2
2
8
7
7
6
6
6
6
6
7
4
10
8
7
7
7
6
6
6
5
4
8
5
4
26
9
8
6
6
7
6
4
4
3
18
11
9
10
10
5
4
7
4
25
11
13
12
14
14
3
14
11
6
5
2
20
15
25
3
2
2
2
24
3
3
11
8
14
16
10
4
4
4
4
5
4
4
