8
8
8
8
8
8
8
8
3
0
0
4
6
6
6
6
6
7
6
6
6
6
6
6
6
6
7
7
7
7
6
7
7
7
6
7
7
7
6
7
6
6
7
6
6
7
7
6
6
7
6
6
6
6
6
6
7
6
6
7
7
6
6
6
7
7
7
6
6
7
6
6
6
6
6
6
6
6
7
6
6
6
6
6
6
6
6
7
7
7
7
9
7
6
7
7
7
7
6
7
6
7
7
7
6
6
6
6
6
7
7
7
6
6
6
6
6
6
6
7
7
6
7
7
6
6
6
6
7
6
6
6
6
6
6
6
7
7
7
6
6
6
6
6
6
7
7
7
6
8
7
7
6
6
7
6
6
6
6
6
7
7
6
6
6
6
6
6
6
6
7
7
6
7
6
6
7
6
6
6
6
6
6
7
6
6
6
6
7
7
7
7
6
7
7
7
6
6
7
7
7
6
7
6
6
6
6
6
6
7
6
6
6
6
6
6
6
6
6
6
6
6
6
6
6
6
6
6
6
6
6
6
10
6
6
6
6
6
6
7
11
12
9
6
6
6
6
6
6
6
6
6
6
6
6
6
6
6
6
7
8
7
10
7
6
6
6
6
6
6
9
6
8
7
7
8
6
6
6
6
6
6
10
6
6
6
6
6
