26
27
29
27
27
30
30
30
29
27
28
29
28
27
27
27
26
28
27
30
29
27
27
28
27
27
27
27
28
29
27
29
29
28
27
28
28
27
29
28
27
29
29
30
30
29
30
30
29
26
27
29
28
29
29
28
31
28
27
27
28
27
27
27
27
31
29
28
30
28
27
29
27
28
27
27
29
31
30
31
29
29
30
29
30
28
30
31
31
30
30
31
31
31
29
28
29
31
28
28
31
29
30
29
30
30
30
31
31
31
32
29
30
32
34
35
34
34
33
32
35
34
34
34
35
34
36
34
34
37
36
33
33
32
34
33
34
32
31
30
29
31
29
30
31
29
30
28
29
30
30
32
31
30
29
29
29
30
29
29
29
27
29
28
29
30
30
33
32
34
31
30
28
30
28
30
30
30
29
30
28
28
28
27
28
31
31
33
31
29
26
29
27
28
27
28
28
29
28
28
27
28
29
26
27
28
29
29
29
31
29
30
29
27
29
27
28
29
28
28
28
28
28
28
29
28
27
27
29
28
28
28
28
29
27
27
27
28
28
29
28
28
28
28
30
30
29
29
29
28
28
27
29
28
28
29
29
30
29
28
30
29
29
29
28
28
28
28
29
29
30
28
27
27
29
28
28
29
30
29
30
28
31
27
30
28
29
30
