48
48
48
48
39
46
48
48
47
47
47
46
45
45
45
45
37
43
45
45
45
45
45
45
45
45
45
45
37
43
45
45
45
45
45
45
45
45
45
45
36
44
45
46
45
47
45
46
46
46
45
46
38
43
45
45
45
45
45
45
45
45
45
45
37
43
44
45
45
45
45
45
45
45
45
45
37
43
45
45
45
45
45
45
45
45
45
45
37
43
45
45
45
45
45
45
45
45
45
45
36
43
45
45
45
45
45
45
45
45
45
45
36
42
43
44
44
44
41
44
43
44
42
44
35
42
44
44
45
45
45
44
44
45
44
44
36
42
45
45
45
45
45
45
46
45
45
45
37
43
45
45
45
45
45
45
45
45
45
46
37
43
45
45
44
45
45
45
45
45
45
45
37
43
45
45
45
45
45
45
45
45
45
45
37
43
45
45
45
45
45
45
45
45
45
45
37
43
45
45
45
46
45
45
45
45
45
45
37
43
45
45
45
45
45
45
45
45
45
45
37
43
45
45
45
45
45
45
45
45
45
45
37
43
45
45
45
45
45
45
45
45
45
45
37
43
45
45
45
45
45
53
49
45
47
46
37
44
46
46
46
52
51
46
46
46
46
46
38
44
46
46
46
46
46
59
53
54
50
51
42
47
51
50
49
49
49
49
