10
9
5
8
7
5
4
6
5
4
7
9
10
12
5
9
5
5
5
5
4
5
7
17
5
8
7
6
5
5
4
5
4
5
4
7
11
16
8
5
5
4
4
5
3
5
3
5
5
6
7
5
4
4
4
4
4
4
3
4
4
5
5
5
5
4
4
5
4
4
4
4
2
4
4
4
4
4
2
4
4
4
4
4
4
5
4
4
4
5
4
6
5
4
3
5
4
3
4
4
5
4
5
5
4
4
4
3
4
5
4
4
4
8
6
5
5
6
6
6
4
4
3
5
5
11
17
11
15
21
21
13
4
4
4
4
10
26
6
5
2
4
5
6
13
8
4
4
4
4
4
5
4
4
3
4
4
4
4
5
5
9
4
4
4
4
4
4
4
4
4
5
4
4
4
4
4
4
3
4
4
4
4
4
4
4
4
2
5
4
4
5
4
4
4
5
4
4
4
5
4
5
4
5
3
4
5
4
4
5
5
5
5
7
12
6
5
5
5
5
5
5
6
4
5
5
6
12
16
8
5
5
6
5
5
5
15
4
6
6
5
6
4
5
5
4
5
5
5
5
6
7
15
6
6
5
4
5
4
4
7
6
5
5
5
5
6
5
4
3
5
5
6
7
5
7
9
10
7
6
5
5
5
5
5
4
5
5
