10
10
11
13
9
10
9
14
8
7
7
10
6
7
9
9
10
8
8
8
8
9
31
57
59
58
59
59
59
57
58
57
57
56
58
57
59
59
59
58
57
57
57
57
59
58
56
57
58
57
57
58
58
58
56
56
55
56
56
56
56
56
56
58
56
57
59
57
55
55
55
54
55
54
55
55
54
54
54
55
55
55
55
55
55
55
55
55
55
54
55
55
55
55
54
54
55
55
54
55
55
55
55
55
55
55
55
55
55
55
55
55
55
54
46
41
40
41
41
42
42
42
42
50
55
55
57
55
55
57
55
55
55
55
55
55
55
55
55
55
55
55
55
55
55
56
55
55
55
55
55
55
56
56
55
56
55
55
55
26
2
1
1
2
1
1
1
1
1
1
1
1
1
1
1
1
1
1
1
1
1
1
1
1
1
1
1
1
1
1
1
1
1
1
1
1
1
1
1
3
5
4
2
3
2
2
3
6
4
4
7
5
6
4
9
7
5
5
7
8
4
8
10
8
10
8
7
9
9
8
7
11
8
7
8
9
12
10
9
7
7
9
9
12
8
9
12
8
11
10
7
9
10
9
9
9
9
10
11
10
12
10
6
5
7
6
4
6
5
5
5
7
5
9
7
6
8
11
10
9
7
9
9
8
6
6
8
9
