2
2
2
2
2
2
2
2
2
1
1
1
2
2
1
1
2
2
2
2
1
1
2
2
2
1
2
1
2
2
2
2
2
1
2
2
1
1
1
1
2
2
1
2
2
1
2
2
2
2
2
2
2
2
2
2
1
1
2
1
1
1
1
1
2
2
2
2
2
1
2
1
1
1
2
1
2
3
2
1
2
1
2
2
2
2
2
1
2
2
2
1
1
1
1
1
2
1
1
2
2
2
2
1
2
2
2
2
2
2
2
1
2
4
3
3
4
5
2
1
1
1
1
1
2
2
1
2
2
1
2
1
1
1
1
5
4
3
2
1
1
1
2
2
1
1
2
2
2
3
3
2
2
1
2
2
2
1
1
1
2
2
2
1
1
1
2
25
29
4
2
2
2
2
1
2
1
1
2
2
1
1
1
1
2
14
23
2
2
2
2
2
1
1
1
1
2
2
1
1
1
1
1
1
1
1
1
1
2
2
1
2
1
1
1
2
1
1
1
1
2
2
1
2
2
1
2
1
1
1
2
1
2
2
1
2
1
1
1
1
1
2
2
1
2
2
1
1
2
1
2
2
2
2
3
4
6
5
2
2
2
1
2
2
2
2
2
2
2
2
1
1
1
1
2
2
2
2
2
2
2
2
2
3
3
2
2
2
