9
11
16
16
13
14
16
15
17
13
12
13
12
12
13
13
11
12
11
13
13
13
11
12
12
17
3
2
2
2
2
2
2
5
2
2
2
3
3
2
2
2
2
2
2
2
3
2
2
3
2
2
2
2
2
2
2
2
2
2
2
2
2
2
2
2
2
2
2
2
2
2
2
2
2
2
2
2
2
2
2
2
2
2
2
2
2
4
2
2
2
2
2
2
2
2
2
2
2
2
2
2
2
2
2
2
2
2
2
3
3
2
2
2
2
2
2
2
2
2
2
5
2
2
5
2
2
2
2
2
2
2
2
2
2
2
2
2
2
2
2
2
2
2
2
2
2
2
2
2
2
2
2
2
2
2
2
2
2
2
2
2
2
2
2
2
2
2
2
2
2
4
2
2
2
2
2
2
2
2
2
2
2
2
2
2
2
2
2
2
2
2
2
2
5
4
3
2
2
2
4
3
3
2
2
2
2
2
3
3
3
7
20
19
17
15
13
23
15
16
12
13
18
14
14
16
16
15
16
12
14
13
14
11
12
14
17
12
14
17
14
11
12
15
11
10
11
10
11
12
9
12
11
10
8
10
9
9
13
12
11
8
9
9
10
10
8
12
12
10
8
7
8
9
8
9
8
11
19
15
10
11
9
10
10
11
10
9
