9
9
10
9
9
10
9
9
9
9
9
10
9
9
9
10
9
10
9
9
9
9
9
10
9
10
9
9
9
10
9
9
9
9
9
10
9
9
9
9
9
10
9
9
8
10
9
10
9
9
9
9
9
10
8
10
9
9
9
10
9
10
10
10
9
10
9
9
10
9
9
10
9
9
10
9
10
16
13
12
12
10
8
10
10
9
10
9
10
9
10
10
8
10
10
10
9
10
9
9
9
9
10
9
10
10
9
10
8
10
10
9
10
9
10
11
10
10
9
11
10
10
10
10
10
10
10
10
10
10
10
10
10
10
9
10
10
11
9
10
9
11
9
11
10
9
9
11
9
10
9
10
10
10
9
10
9
10
9
9
10
10
10
10
10
10
10
23
21
21
15
15
14
15
12
10
9
9
10
10
9
10
9
9
9
21
20
22
16
10
9
9
9
9
9
10
9
10
9
9
9
10
9
10
9
10
10
10
9
11
9
10
10
10
9
10
9
8
10
10
9
10
9
9
10
9
9
10
9
10
9
10
9
10
9
9
10
10
9
10
9
10
10
10
9
10
9
9
10
10
9
10
9
9
9
10
9
10
9
9
9
10
9
9
9
9
9
9
9
10
10
9
9
10
9
10
10
9
9
9
9
10
9
9
9
10
9
9
