32
32
32
32
32
32
32
32
32
32
32
36
38
34
35
32
32
32
32
32
32
32
32
33
32
32
32
32
32
32
33
32
32
32
32
32
32
32
32
32
32
32
33
32
32
32
32
32
32
32
32
32
32
32
32
32
32
32
32
32
32
32
32
32
32
32
33
32
32
32
32
32
32
32
32
32
32
32
32
32
32
32
32
32
32
32
32
32
32
32
32
33
32
32
32
32
32
32
32
32
32
32
32
32
32
33
32
32
32
32
32
32
32
32
32
32
32
33
32
32
32
32
32
32
32
32
32
32
32
32
32
32
32
32
32
32
32
32
32
32
32
32
32
32
32
32
32
32
32
32
32
32
32
32
32
32
32
32
32
32
32
32
32
32
32
32
32
32
32
32
32
32
32
32
32
32
32
32
32
32
32
32
33
32
33
32
32
32
33
32
32
32
32
32
32
32
32
32
32
32
32
32
32
32
32
32
32
32
32
32
32
32
32
32
32
32
32
32
32
32
32
32
32
32
32
32
32
32
32
32
32
32
32
32
32
32
32
33
32
32
33
32
32
32
32
32
33
32
32
32
32
33
32
32
32
32
32
32
32
32
32
32
32
32
32
32
32
32
32
32
32
32
33
32
32
32
32
32
32
32
32
32
32
32
32
32
32
32
