37
38
39
38
37
38
41
37
38
41
45
42
38
38
44
51
43
46
43
41
37
45
41
39
41
44
44
42
42
41
41
39
41
42
39
41
44
43
39
39
39
39
37
38
38
40
40
39
39
44
40
40
39
41
42
42
42
42
40
41
40
39
36
40
39
41
42
44
38
41
39
40
39
41
37
39
43
40
36
42
39
40
39
38
39
40
41
41
38
36
38
35
36
41
38
40
37
39
35
35
32
36
38
32
36
35
37
40
37
38
37
38
37
38
35
34
36
37
33
35
36
37
35
38
36
37
38
39
36
38
33
25
27
27
25
26
27
26
26
29
24
22
23
35
35
40
38
38
35
37
39
38
38
33
36
38
38
36
36
37
38
38
38
38
39
38
38
36
38
38
38
38
36
36
37
37
36
39
38
39
37
38
38
38
36
37
39
41
37
38
39
39
42
41
41
41
44
41
40
37
39
41
40
43
39
37
38
41
40
40
36
37
41
40
41
40
37
38
41
38
40
39
35
40
42
41
38
37
37
41
40
41
40
39
41
37
36
36
35
37
36
37
38
36
37
37
42
38
35
38
37
45
43
40
40
42
44
43
37
40
39
42
38
38
37
38
39
40
35
37
37
39
39
37
39
38
41
43
33
34
33
39
41
39
39
42
40
41
