2
2
2
2
2
2
2
2
2
2
2
2
2
2
2
8
3
4
2
2
2
2
2
2
2
2
2
2
2
2
2
2
2
2
2
2
2
2
2
2
2
2
2
2
2
2
2
2
2
2
2
2
2
34
13
13
27
17
2
67
42
2
2
2
2
65
80
39
36
2
2
2
2
2
2
2
2
66
12
2
2
2
2
67
14
2
2
2
2
74
14
2
2
2
2
53
29
2
2
2
2
22
54
32
2
2
2
52
4
2
2
2
2
52
70
54
72
79
74
71
57
38
42
43
58
41
56
38
65
67
42
19
31
6
2
2
2
8
2
2
2
2
2
2
2
2
2
2
2
2
2
2
2
2
2
2
2
2
2
2
2
2
2
2
2
2
2
2
2
2
2
2
2
2
2
2
2
2
2
2
2
2
2
3
2
2
2
2
2
2
2
2
2
2
2
2
2
2
2
2
2
2
2
2
2
2
2
2
2
2
2
2
2
2
2
2
2
2
2
2
2
2
2
2
2
2
2
2
2
2
2
2
2
2
2
2
2
2
2
2
2
2
2
2
2
2
2
2
2
2
2
2
2
2
2
2
2
2
2
2
2
2
2
2
2
2
2
2
2
2
2
2
2
2
2
2
2
2
2
2
2
2
2
2
2
2
2
2
