51
58
59
61
58
59
58
60
58
59
58
54
50
55
52
56
51
52
49
52
50
51
50
54
51
52
50
51
51
51
45
48
46
47
47
49
46
47
45
46
45
48
48
48
43
46
45
47
48
47
43
46
46
53
55
49
45
47
47
49
48
46
46
47
46
48
48
47
46
47
46
49
48
48
47
45
42
44
45
46
48
43
46
47
46
49
52
58
50
48
49
49
48
50
46
48
48
47
49
50
52
51
48
42
44
47
47
48
47
48
47
47
48
49
50
48
47
48
46
47
43
50
51
52
49
59
45
47
45
47
43
39
40
42
40
41
45
47
49
49
48
49
44
46
46
49
50
48
45
48
47
47
47
48
44
50
55
57
56
48
48
52
50
51
52
54
52
48
49
48
46
48
46
46
45
47
50
48
52
54
54
53
55
51
53
52
54
52
54
53
54
53
53
47
43
45
46
42
43
44
47
45
47
45
40
44
49
47
49
50
50
51
45
45
50
45
45
49
52
57
56
51
52
51
55
50
50
46
51
52
53
52
57
56
56
51
51
51
49
54
58
57
53
54
56
52
53
53
52
52
54
55
54
54
52
50
52
49
50
49
47
45
52
47
47
49
51
50
50
45
45
49
53
52
51
52
52
51
54
51
55
55
56
50
50
49
49
47
