42
44
43
46
46
99
78
56
44
49
51
41
41
42
42
42
43
101
76
64
55
53
53
46
46
48
48
49
48
99
86
76
63
57
56
42
48
49
49
49
48
99
85
72
59
52
55
46
44
48
46
47
48
99
86
69
54
54
49
42
41
42
42
40
43
98
85
72
61
55
57
45
44
47
46
48
49
99
83
72
63
59
58
47
46
47
47
47
48
99
82
66
60
62
54
47
45
49
47
48
46
98
84
72
62
58
58
46
41
48
63
48
58
101
95
82
66
59
63
53
51
50
51
52
52
99
86
77
66
63
72
50
47
48
46
49
48
98
80
66
59
59
56
48
45
48
49
48
49
99
97
84
62
57
50
41
43
42
44
45
46
98
82
68
55
51
52
43
43
42
42
42
42
100
79
60
49
49
45
39
40
42
41
42
42
100
74
57
51
50
49
40
41
41
42
42
44
99
80
65
56
53
54
44
43
43
45
39
46
99
80
66
55
53
55
44
44
45
44
44
44
99
101
86
77
67
64
57
53
52
53
54
54
99
98
87
70
70
68
54
57
52
53
55
55
99
93
84
75
67
70
54
58
56
51
59
57
99
100
89
75
69
66
52
61
57
54
56
52
99
95
85
65
71
66
45
45
46
49
49
56
99
100
88
82
72
68
50
