22
17
22
17
15
22
51
21
15
14
15
16
16
15
15
14
15
18
25
17
17
15
17
14
15
14
15
15
15
16
24
14
13
13
13
13
14
13
14
13
13
14
21
13
13
13
13
13
13
13
13
12
13
15
23
15
15
14
14
15
16
14
17
14
15
15
21
13
13
13
13
13
13
12
13
13
14
15
22
13
14
13
15
14
14
13
14
13
14
14
22
14
14
14
14
13
14
14
15
14
14
16
23
14
14
13
13
13
14
13
14
14
14
15
24
14
14
13
14
13
14
13
14
12
13
14
22
13
14
13
14
14
14
14
14
14
14
15
22
18
22
21
22
21
22
21
21
21
23
22
25
17
19
14
15
15
15
13
14
13
13
13
16
17
15
14
15
14
14
13
14
13
14
15
20
14
13
12
13
13
13
13
13
13
14
15
21
13
14
13
13
13
14
12
13
12
13
15
21
13
14
14
14
14
15
13
14
13
13
14
21
13
13
13
14
14
15
14
15
14
16
18
21
14
15
15
15
15
16
14
15
15
15
15
20
15
16
15
16
15
18
33
24
16
16
14
21
15
15
15
17
16
17
16
17
17
17
17
21
16
18
16
18
17
18
18
18
17
17
17
29
18
18
19
28
19
15
16
17
16
17
17
20
15
16
16
18
17
