4
4
4
4
4
46
103
106
106
11
3
4
3
4
3
3
3
4
3
4
4
4
3
3
3
4
4
4
3
4
4
4
4
3
3
3
4
4
4
4
4
4
4
4
4
4
3
4
4
4
4
3
3
4
3
4
4
3
3
4
4
4
4
4
4
4
4
4
4
4
4
4
4
4
4
4
4
4
4
4
4
4
4
4
4
4
4
4
4
4
4
4
4
4
4
4
4
4
4
4
4
4
4
4
4
4
4
4
4
4
4
4
4
4
4
4
3
3
3
4
4
4
4
4
4
4
4
4
3
4
3
4
4
4
4
4
4
4
4
5
4
4
4
4
4
4
4
4
4
10
3
4
4
3
4
4
4
4
4
4
4
4
4
4
4
3
3
4
4
4
4
3
4
4
4
4
4
4
4
4
4
4
4
4
4
4
4
4
4
4
4
4
4
4
4
4
4
4
4
4
4
3
4
4
4
4
4
4
4
4
4
4
4
3
4
4
4
4
4
4
4
25
34
4
4
4
3
3
3
4
4
3
4
4
3
4
3
3
3
3
3
4
4
4
4
4
4
5
3
4
4
4
4
4
4
3
4
38
82
103
104
29
3
3
3
3
3
3
4
4
3
4
3
3
4
3
5
6
6
6
5
5
5
5
5
5
5
5
