4
4
4
4
4
5
4
4
4
4
4
4
8
4
4
4
4
4
4
4
4
4
4
4
4
4
4
4
4
4
4
4
4
4
4
4
4
4
4
4
4
4
4
4
4
3
4
3
4
4
4
4
4
4
4
4
3
4
4
4
8
4
4
4
4
4
4
4
4
4
4
4
4
4
4
4
4
4
4
4
4
3
4
4
4
4
4
4
4
4
4
4
4
4
4
4
4
4
4
4
4
4
4
4
4
4
4
4
7
4
4
4
4
4
4
4
4
3
4
4
4
4
4
4
4
4
4
3
4
3
4
4
4
4
4
4
4
4
4
4
4
4
4
4
4
4
4
4
4
11
4
4
4
4
4
4
8
4
4
3
4
3
4
4
4
3
4
3
4
3
4
3
4
4
4
4
4
4
4
4
4
4
4
4
4
4
4
4
4
4
4
4
4
4
4
4
4
4
4
4
4
4
4
4
8
4
4
4
4
4
4
4
4
4
4
4
4
4
4
4
4
6
4
4
4
3
4
3
3
3
3
3
4
3
3
4
3
3
3
3
4
4
4
3
4
3
4
3
3
3
4
4
5
3
4
3
4
15
4
3
4
3
3
3
4
3
4
3
4
4
4
3
4
4
4
3
4
3
3
3
4
3
4
4
3
3
3
3
