72
72
72
72
74
72
68
70
65
65
65
64
64
64
66
65
64
64
66
63
61
61
63
67
63
62
61
61
61
76
76
74
76
70
68
69
67
71
61
67
67
66
69
69
70
57
41
39
37
37
38
36
36
42
42
38
38
37
38
43
40
37
39
37
38
39
40
35
34
35
36
37
38
37
37
36
35
39
47
49
52
52
59
66
63
64
65
63
64
64
67
64
63
61
62
64
65
63
65
64
59
46
48
45
47
48
45
46
44
44
43
44
44
46
52
46
47
46
46
46
51
50
46
45
45
46
49
45
44
45
44
43
44
47
42
44
46
47
46
46
45
40
35
13
12
13
12
12
50
71
55
48
45
46
44
43
20
17
14
15
16
18
13
15
13
12
12
14
12
12
13
13
13
21
26
17
19
13
13
16
15
15
19
18
18
14
15
15
18
13
16
13
14
13
13
14
16
13
15
17
18
13
13
13
14
15
16
13
12
13
14
14
17
13
16
15
21
14
13
15
18
16
16
16
17
15
16
16
16
21
18
40
38
35
32
32
31
43
41
44
46
53
48
51
44
26
40
34
37
32
38
34
34
32
32
32
34
32
29
32
34
34
39
33
37
40
37
37
38
32
31
26
27
27
34
40
31
30
32
34
37
33
41
35
38
43
35
32
