41
42
41
44
42
45
53
53
53
42
42
41
42
40
41
40
40
42
41
40
42
38
42
42
43
38
41
40
46
45
43
39
41
48
49
48
47
47
52
48
51
46
53
49
51
50
51
48
48
49
51
51
51
50
53
49
52
46
51
48
49
45
42
39
44
40
41
40
41
41
40
46
42
42
40
40
40
44
46
42
42
42
40
42
42
41
42
39
39
39
42
40
43
40
41
43
45
41
42
40
44
43
43
40
38
42
42
42
42
46
39
42
41
42
44
49
49
50
50
47
52
50
53
49
51
49
50
52
50
50
51
49
40
40
43
39
42
43
41
40
39
43
41
48
40
40
45
48
45
43
50
49
49
48
46
48
48
48
52
52
51
53
52
51
51
50
48
52
51
52
52
51
49
49
42
49
50
48
42
46
41
44
43
45
44
45
42
46
44
49
45
43
42
46
42
45
45
46
43
44
45
45
45
44
46
51
53
47
42
45
41
43
44
43
45
48
52
43
46
44
44
40
43
35
41
46
48
50
49
49
48
48
49
50
51
52
50
50
51
49
50
46
50
49
49
52
46
51
49
47
46
50
50
46
45
46
45
41
47
55
52
50
52
52
52
50
47
47
47
48
50
48
50
48
48
50
50
49
47
48
49
47
48
45
50
51
49
51
